step,mean,ci_down,ci_up
0.0,-886.72,-1090.83,-682.62
100.0,-10.00,-10.00,-10.00
200.0,-34.26,-82.09,13.58
300.0,-10.00,-10.00,-10.00
400.0,-10.00,-10.00,-10.00
500.0,-10.00,-10.00,-10.00
600.0,-10.00,-10.00,-10.00
700.0,-10.00,-10.00,-10.00
800.0,-10.00,-10.00,-10.00
900.0,-10.00,-10.00,-10.00
1000.0,-10.00,-10.00,-10.00
1100.0,-10.00,-10.00,-10.00
1200.0,-10.00,-10.00,-10.00
1300.0,-10.00,-10.00,-10.00
1400.0,-10.00,-10.00,-10.00
1500.0,-10.00,-10.00,-10.00
1600.0,-10.00,-10.00,-10.00
1700.0,-10.00,-10.00,-10.00
1800.0,-10.00,-10.00,-10.00
1900.0,-10.00,-10.00,-10.00
2000.0,-10.00,-10.00,-10.00
2100.0,-10.00,-10.00,-10.00
2200.0,-10.00,-10.00,-10.00
2300.0,-10.00,-10.00,-10.00
2400.0,-10.00,-10.00,-10.00
2500.0,-10.00,-10.00,-10.00
2600.0,-10.00,-10.00,-10.00
2700.0,-10.00,-10.00,-10.00
2800.0,-10.00,-10.00,-10.00
2900.0,-10.00,-10.00,-10.00
3000.0,-10.00,-10.00,-10.00
3100.0,-10.00,-10.00,-10.00
3200.0,-10.00,-10.00,-10.00
3300.0,-10.00,-10.00,-10.00
3400.0,-10.00,-10.00,-10.00
3500.0,-10.00,-10.00,-10.00
3600.0,-10.00,-10.00,-10.00
3700.0,-10.00,-10.00,-10.00
3800.0,-10.00,-10.00,-10.00
3900.0,-10.00,-10.00,-10.00
4000.0,-10.00,-10.00,-10.00
4100.0,-10.00,-10.00,-10.00
4200.0,-10.00,-10.00,-10.00
4300.0,-10.00,-10.00,-10.00
4400.0,-10.00,-10.00,-10.00
4500.0,-10.00,-10.00,-10.00
4600.0,-10.00,-10.00,-10.00
4700.0,-10.00,-10.00,-10.00
4800.0,-10.00,-10.00,-10.00
4900.0,-10.00,-10.00,-10.00
5000.0,-10.00,-10.00,-10.00
5100.0,-10.00,-10.00,-10.00
5200.0,-10.00,-10.00,-10.00
5300.0,-10.00,-10.00,-10.00
5400.0,-10.00,-10.00,-10.00
5500.0,-10.00,-10.00,-10.00
5600.0,-10.00,-10.00,-10.00
5700.0,-10.00,-10.00,-10.00
5800.0,-10.00,-10.00,-10.00
5900.0,-10.00,-10.00,-10.00
6000.0,-10.00,-10.00,-10.00
6100.0,-10.00,-10.00,-10.00
6200.0,-10.00,-10.00,-10.00
6300.0,-10.00,-10.00,-10.00
6400.0,-10.00,-10.00,-10.00
6500.0,-10.00,-10.00,-10.00
6600.0,-10.00,-10.00,-10.00
6700.0,-10.00,-10.00,-10.00
6800.0,-10.00,-10.00,-10.00
6900.0,-10.00,-10.00,-10.00
7000.0,-10.00,-10.00,-10.00
7100.0,-10.00,-10.00,-10.00
7200.0,-10.00,-10.00,-10.00
7300.0,-10.00,-10.00,-10.00
7400.0,-10.00,-10.00,-10.00
7500.0,-10.00,-10.00,-10.00
7600.0,-10.00,-10.00,-10.00
7700.0,-10.00,-10.00,-10.00
7800.0,-10.00,-10.00,-10.00
7900.0,-10.00,-10.00,-10.00
8000.0,-10.00,-10.00,-10.00
8100.0,-10.00,-10.00,-10.00
8200.0,-10.00,-10.00,-10.00
8300.0,-10.00,-10.00,-10.00
8400.0,-10.00,-10.00,-10.00
8500.0,-10.00,-10.00,-10.00
8600.0,-10.00,-10.00,-10.00
8700.0,-10.00,-10.00,-10.00
8800.0,-10.00,-10.00,-10.00
8900.0,-10.00,-10.00,-10.00
9000.0,-10.00,-10.00,-10.00
9100.0,-10.00,-10.00,-10.00
9200.0,-10.00,-10.00,-10.00
9300.0,-10.00,-10.00,-10.00
9400.0,-10.00,-10.00,-10.00
9500.0,-10.00,-10.00,-10.00
9600.0,-10.00,-10.00,-10.00
9700.0,-10.00,-10.00,-10.00
9800.0,-10.00,-10.00,-10.00
9900.0,-10.00,-10.00,-10.00
10000.0,-10.00,-10.00,-10.00
10100.0,-10.00,-10.00,-10.00
10200.0,-10.00,-10.00,-10.00
10300.0,-10.00,-10.00,-10.00
10400.0,-10.00,-10.00,-10.00
10500.0,-10.00,-10.00,-10.00
10600.0,-10.00,-10.00,-10.00
10700.0,-10.00,-10.00,-10.00
10800.0,-10.00,-10.00,-10.00
10900.0,-10.00,-10.00,-10.00
11000.0,-10.00,-10.00,-10.00
11100.0,-10.00,-10.00,-10.00
11200.0,-10.00,-10.00,-10.00
11300.0,-10.00,-10.00,-10.00
11400.0,-10.00,-10.00,-10.00
11500.0,-10.00,-10.00,-10.00
11600.0,-10.00,-10.00,-10.00
11700.0,-10.00,-10.00,-10.00
11800.0,-10.00,-10.00,-10.00
11900.0,-10.00,-10.00,-10.00
12000.0,-10.00,-10.00,-10.00
12100.0,-10.00,-10.00,-10.00
12200.0,-10.00,-10.00,-10.00
12300.0,-10.00,-10.00,-10.00
12400.0,-10.00,-10.00,-10.00
12500.0,-10.00,-10.00,-10.00
12600.0,-10.00,-10.00,-10.00
12700.0,-10.00,-10.00,-10.00
12800.0,-10.00,-10.00,-10.00
12900.0,-10.00,-10.00,-10.00
13000.0,-10.00,-10.00,-10.00
13100.0,-10.00,-10.00,-10.00
13200.0,-10.00,-10.00,-10.00
13300.0,-10.00,-10.00,-10.00
13400.0,-10.00,-10.00,-10.00
13500.0,-10.00,-10.00,-10.00
13600.0,-10.00,-10.00,-10.00
13700.0,-10.00,-10.00,-10.00
13800.0,-10.00,-10.00,-10.00
13900.0,-10.00,-10.00,-10.00
14000.0,-10.00,-10.00,-10.00
14100.0,-10.00,-10.00,-10.00
14200.0,-10.00,-10.00,-10.00
14300.0,-10.00,-10.00,-10.00
14400.0,-10.00,-10.00,-10.00
14500.0,-10.00,-10.00,-10.00
14600.0,-10.00,-10.00,-10.00
14700.0,-10.00,-10.00,-10.00
14800.0,-7.13,-12.79,-1.46
14900.0,-10.00,-10.00,-10.00
15000.0,-10.00,-10.00,-10.00
15100.0,-10.00,-10.00,-10.00
15200.0,-10.00,-10.00,-10.00
15300.0,-10.00,-10.00,-10.00
15400.0,-10.00,-10.00,-10.00
15500.0,-10.00,-10.00,-10.00
15600.0,-10.00,-10.00,-10.00
15700.0,-10.00,-10.00,-10.00
15800.0,-7.13,-12.79,-1.46
15900.0,-7.13,-12.79,-1.46
16000.0,-10.00,-10.00,-10.00
16100.0,-10.00,-10.00,-10.00
16200.0,-10.00,-10.00,-10.00
16300.0,-10.00,-10.00,-10.00
16400.0,-10.00,-10.00,-10.00
16500.0,-7.13,-12.79,-1.46
16600.0,-7.13,-12.79,-1.46
16700.0,-10.00,-10.00,-10.00
16800.0,-7.67,-12.26,-3.09
16900.0,-7.67,-12.26,-3.09
17000.0,-7.13,-12.79,-1.46
17100.0,-7.13,-12.79,-1.46
17200.0,-10.00,-10.00,-10.00
17300.0,-7.13,-12.79,-1.46
17400.0,-10.00,-10.00,-10.00
17500.0,-7.13,-12.79,-1.46
17600.0,-7.13,-12.79,-1.46
17700.0,-7.13,-12.79,-1.46
17800.0,-4.25,-11.67,3.16
17900.0,-4.25,-11.67,3.16
18000.0,-7.67,-12.26,-3.09
18100.0,-4.25,-11.67,3.16
18200.0,-1.38,-9.67,6.91
18300.0,-1.38,-9.67,6.91
18400.0,-1.38,-9.67,6.91
18500.0,7.24,-0.18,14.65
18600.0,-1.38,-9.67,6.91
18700.0,10.11,4.44,15.77
18800.0,4.36,-3.93,12.65
18900.0,4.36,-3.93,12.65
19000.0,10.11,4.44,15.77
19100.0,10.11,4.44,15.77
19200.0,10.11,4.44,15.77
19300.0,10.11,4.44,15.77
19400.0,10.11,4.44,15.77
19500.0,12.98,12.98,12.98
19600.0,12.98,12.98,12.98
19700.0,12.98,12.98,12.98
19800.0,12.98,12.98,12.98
19900.0,12.98,12.98,12.98
20000.0,12.98,12.98,12.98
