step,mean,ci_down,ci_up
0.0,12.05,10.63,13.47
100.0,193.50,186.02,200.98
200.0,196.66,190.65,202.67
300.0,200.09,196.33,203.85
400.0,202.00,202.00,202.00
500.0,202.00,202.00,202.00
600.0,202.00,202.00,202.00
700.0,202.00,202.00,202.00
800.0,200.08,196.30,203.86
900.0,202.00,202.00,202.00
1000.0,202.00,202.00,202.00
1100.0,202.00,202.00,202.00
1200.0,202.00,202.00,202.00
1300.0,202.00,202.00,202.00
1400.0,202.00,202.00,202.00
1500.0,202.00,202.00,202.00
1600.0,202.00,202.00,202.00
1700.0,202.00,202.00,202.00
1800.0,202.00,202.00,202.00
1900.0,202.00,202.00,202.00
2000.0,202.00,202.00,202.00
2100.0,202.00,202.00,202.00
2200.0,202.00,202.00,202.00
2300.0,202.00,202.00,202.00
2400.0,202.00,202.00,202.00
2500.0,202.00,202.00,202.00
2600.0,202.00,202.00,202.00
2700.0,202.00,202.00,202.00
2800.0,202.00,202.00,202.00
2900.0,202.00,202.00,202.00
3000.0,202.00,202.00,202.00
3100.0,202.00,202.00,202.00
3200.0,202.00,202.00,202.00
3300.0,202.00,202.00,202.00
3400.0,202.00,202.00,202.00
3500.0,202.00,202.00,202.00
3600.0,202.00,202.00,202.00
3700.0,202.00,202.00,202.00
3800.0,202.00,202.00,202.00
3900.0,202.00,202.00,202.00
4000.0,202.00,202.00,202.00
4100.0,202.00,202.00,202.00
4200.0,202.00,202.00,202.00
4300.0,202.00,202.00,202.00
4400.0,202.00,202.00,202.00
4500.0,202.00,202.00,202.00
4600.0,202.00,202.00,202.00
4700.0,202.00,202.00,202.00
4800.0,202.00,202.00,202.00
4900.0,202.00,202.00,202.00
5000.0,202.00,202.00,202.00
5100.0,202.00,202.00,202.00
5200.0,202.00,202.00,202.00
5300.0,202.00,202.00,202.00
5400.0,202.00,202.00,202.00
5500.0,202.00,202.00,202.00
5600.0,202.00,202.00,202.00
5700.0,202.00,202.00,202.00
5800.0,202.00,202.00,202.00
5900.0,202.00,202.00,202.00
6000.0,202.00,202.00,202.00
6100.0,202.00,202.00,202.00
6200.0,202.00,202.00,202.00
6300.0,202.00,202.00,202.00
6400.0,202.00,202.00,202.00
6500.0,202.00,202.00,202.00
6600.0,202.00,202.00,202.00
6700.0,202.00,202.00,202.00
6800.0,202.00,202.00,202.00
6900.0,202.00,202.00,202.00
7000.0,202.00,202.00,202.00
7100.0,202.00,202.00,202.00
7200.0,202.00,202.00,202.00
7300.0,202.00,202.00,202.00
7400.0,202.00,202.00,202.00
7500.0,202.00,202.00,202.00
7600.0,202.00,202.00,202.00
7700.0,202.00,202.00,202.00
7800.0,202.00,202.00,202.00
7900.0,202.00,202.00,202.00
8000.0,202.00,202.00,202.00
8100.0,202.00,202.00,202.00
8200.0,202.00,202.00,202.00
8300.0,202.00,202.00,202.00
8400.0,202.00,202.00,202.00
8500.0,202.00,202.00,202.00
8600.0,202.00,202.00,202.00
8700.0,202.00,202.00,202.00
8800.0,202.00,202.00,202.00
8900.0,202.00,202.00,202.00
9000.0,202.00,202.00,202.00
9100.0,202.00,202.00,202.00
9200.0,202.00,202.00,202.00
9300.0,202.00,202.00,202.00
9400.0,202.00,202.00,202.00
9500.0,202.00,202.00,202.00
9600.0,202.00,202.00,202.00
9700.0,202.00,202.00,202.00
9800.0,202.00,202.00,202.00
9900.0,202.00,202.00,202.00
10000.0,202.00,202.00,202.00
10100.0,202.00,202.00,202.00
10200.0,202.00,202.00,202.00
10300.0,202.00,202.00,202.00
10400.0,202.00,202.00,202.00
10500.0,202.00,202.00,202.00
10600.0,202.00,202.00,202.00
10700.0,202.00,202.00,202.00
10800.0,202.00,202.00,202.00
10900.0,200.20,196.65,203.75
11000.0,202.00,202.00,202.00
11100.0,200.20,196.65,203.75
11200.0,200.20,196.65,203.75
11300.0,202.00,202.00,202.00
11400.0,198.40,193.41,203.39
11500.0,198.46,193.55,203.37
11600.0,202.00,202.00,202.00
11700.0,198.40,193.41,203.39
11800.0,198.40,193.41,203.39
11900.0,196.62,190.56,202.68
12000.0,191.22,182.77,199.67
12100.0,200.20,196.65,203.75
12200.0,194.80,187.82,201.78
12300.0,193.00,185.23,200.77
12400.0,193.02,185.27,200.77
12500.0,185.82,175.64,196.00
12600.0,193.00,185.23,200.77
12700.0,184.02,173.34,194.70
12800.0,185.80,175.60,196.00
12900.0,182.22,171.08,193.36
13000.0,167.86,153.91,181.81
13100.0,169.62,155.94,183.30
13200.0,166.00,151.75,180.25
13300.0,144.40,127.78,161.02
13400.0,142.62,125.87,159.37
13500.0,140.80,123.92,157.68
13600.0,122.80,105.11,140.49
13700.0,106.60,88.82,124.38
13800.0,90.40,73.11,107.69
13900.0,88.62,71.42,105.82
14000.0,76.00,59.67,92.33
14100.0,52.60,39.22,65.98
14200.0,49.00,36.28,61.72
14300.0,29.20,22.22,36.18
14400.0,29.20,22.22,36.18
14500.0,31.00,23.23,38.77
14600.0,22.00,22.00,22.00
14700.0,22.00,22.00,22.00
14800.0,22.00,22.00,22.00
14900.0,22.00,22.00,22.00
15000.0,22.00,22.00,22.00
15100.0,22.00,22.00,22.00
15200.0,22.00,22.00,22.00
15300.0,22.00,22.00,22.00
15400.0,22.00,22.00,22.00
15500.0,22.00,22.00,22.00
15600.0,22.00,22.00,22.00
15700.0,22.00,22.00,22.00
15800.0,22.00,22.00,22.00
15900.0,22.00,22.00,22.00
16000.0,22.00,22.00,22.00
16100.0,22.00,22.00,22.00
16200.0,22.00,22.00,22.00
16300.0,22.00,22.00,22.00
16400.0,22.00,22.00,22.00
16500.0,22.00,22.00,22.00
16600.0,22.00,22.00,22.00
16700.0,22.00,22.00,22.00
16800.0,22.00,22.00,22.00
16900.0,22.00,22.00,22.00
17000.0,22.00,22.00,22.00
17100.0,22.00,22.00,22.00
17200.0,22.00,22.00,22.00
17300.0,22.00,22.00,22.00
17400.0,22.00,22.00,22.00
17500.0,22.00,22.00,22.00
17600.0,22.00,22.00,22.00
17700.0,22.00,22.00,22.00
17800.0,22.00,22.00,22.00
17900.0,22.00,22.00,22.00
18000.0,22.00,22.00,22.00
18100.0,22.00,22.00,22.00
18200.0,22.00,22.00,22.00
18300.0,22.00,22.00,22.00
18400.0,22.00,22.00,22.00
18500.0,22.00,22.00,22.00
18600.0,22.00,22.00,22.00
18700.0,22.00,22.00,22.00
18800.0,22.00,22.00,22.00
18900.0,22.00,22.00,22.00
19000.0,22.00,22.00,22.00
19100.0,22.00,22.00,22.00
19200.0,22.00,22.00,22.00
19300.0,22.00,22.00,22.00
19400.0,22.00,22.00,22.00
19500.0,22.00,22.00,22.00
19600.0,22.00,22.00,22.00
19700.0,22.00,22.00,22.00
19800.0,22.00,22.00,22.00
19900.0,22.00,22.00,22.00
20000.0,22.00,22.00,22.00
20100.0,22.00,22.00,22.00
20200.0,22.00,22.00,22.00
20300.0,22.00,22.00,22.00
20400.0,22.00,22.00,22.00
20500.0,22.00,22.00,22.00
20600.0,22.00,22.00,22.00
20700.0,22.00,22.00,22.00
20800.0,22.00,22.00,22.00
20900.0,22.00,22.00,22.00
21000.0,22.00,22.00,22.00
21100.0,22.00,22.00,22.00
21200.0,22.00,22.00,22.00
21300.0,22.00,22.00,22.00
21400.0,22.00,22.00,22.00
21500.0,22.00,22.00,22.00
21600.0,22.00,22.00,22.00
21700.0,22.00,22.00,22.00
21800.0,22.00,22.00,22.00
21900.0,22.00,22.00,22.00
22000.0,22.00,22.00,22.00
22100.0,22.00,22.00,22.00
22200.0,22.00,22.00,22.00
22300.0,22.00,22.00,22.00
22400.0,22.00,22.00,22.00
22500.0,22.00,22.00,22.00
22600.0,22.00,22.00,22.00
22700.0,22.00,22.00,22.00
22800.0,22.00,22.00,22.00
22900.0,22.00,22.00,22.00
23000.0,22.00,22.00,22.00
23100.0,22.00,22.00,22.00
23200.0,22.00,22.00,22.00
23300.0,22.00,22.00,22.00
23400.0,22.00,22.00,22.00
23500.0,22.00,22.00,22.00
23600.0,22.00,22.00,22.00
23700.0,22.00,22.00,22.00
23800.0,22.00,22.00,22.00
23900.0,22.00,22.00,22.00
24000.0,22.00,22.00,22.00
24100.0,22.00,22.00,22.00
24200.0,22.00,22.00,22.00
24300.0,22.00,22.00,22.00
24400.0,22.00,22.00,22.00
24500.0,22.00,22.00,22.00
24600.0,22.00,22.00,22.00
24700.0,22.00,22.00,22.00
24800.0,22.00,22.00,22.00
24900.0,22.00,22.00,22.00
25000.0,22.00,22.00,22.00
