step,mean,ci_down,ci_up
850.0,-10.00,-10.00,-10.00
900.0,-3138.31,-3138.31,-3138.31
950.0,-3148.31,-3148.31,-3148.31
1000.0,-3158.31,-3158.31,-3158.31
1050.0,-4151.85,-4151.85,-4151.85
1100.0,-5645.94,-5645.94,-5645.94
1150.0,-5655.94,-5655.94,-5655.94
1200.0,-5665.94,-5665.94,-5665.94
1250.0,-5675.94,-5675.94,-5675.94
1300.0,-5685.94,-5685.94,-5685.94
1350.0,-5695.94,-5695.94,-5695.94
1400.0,-5705.94,-5705.94,-5705.94
1450.0,-5715.94,-5715.94,-5715.94
1500.0,-5725.94,-5725.94,-5725.94
1550.0,-5735.94,-5735.94,-5735.94
1600.0,-5745.94,-5745.94,-5745.94
1650.0,-5755.94,-5755.94,-5755.94
1700.0,-5765.94,-5765.94,-5765.94
1750.0,-5775.94,-5775.94,-5775.94
1800.0,-5785.94,-5785.94,-5785.94
1850.0,-5795.94,-5795.94,-5795.94
1900.0,-5805.94,-5805.94,-5805.94
1950.0,-5815.94,-5815.94,-5815.94
2000.0,-5825.94,-5825.94,-5825.94
2050.0,-5835.94,-5835.94,-5835.94
2100.0,-5845.94,-5845.94,-5845.94
2150.0,-5855.94,-5855.94,-5855.94
2200.0,-5865.94,-5865.94,-5865.94
2250.0,-5875.94,-5875.94,-5875.94
2300.0,-5885.94,-5885.94,-5885.94
2350.0,-5895.94,-5895.94,-5895.94
2400.0,-5905.94,-5905.94,-5905.94
2450.0,-5915.94,-5915.94,-5915.94
2500.0,-5925.94,-5925.94,-5925.94
2550.0,-5935.94,-5935.94,-5935.94
2600.0,-5945.94,-5945.94,-5945.94
2650.0,-5955.94,-5955.94,-5955.94
2700.0,-5965.94,-5965.94,-5965.94
2750.0,-5975.94,-5975.94,-5975.94
2800.0,-5985.94,-5985.94,-5985.94
2850.0,-5995.94,-5995.94,-5995.94
2900.0,-6005.94,-6005.94,-6005.94
2950.0,-6015.94,-6015.94,-6015.94
3000.0,-6025.94,-6025.94,-6025.94
3050.0,-6035.94,-6035.94,-6035.94
3100.0,-6045.94,-6045.94,-6045.94
3150.0,-6055.94,-6055.94,-6055.94
3200.0,-6065.94,-6065.94,-6065.94
3250.0,-6075.94,-6075.94,-6075.94
3300.0,-6085.94,-6085.94,-6085.94
3350.0,-6095.94,-6095.94,-6095.94
3400.0,-6105.94,-6105.94,-6105.94
3450.0,-6115.94,-6115.94,-6115.94
3500.0,-6125.94,-6125.94,-6125.94
3550.0,-6135.94,-6135.94,-6135.94
3600.0,-6145.94,-6145.94,-6145.94
3650.0,-6155.94,-6155.94,-6155.94
3700.0,-6165.94,-6165.94,-6165.94
3750.0,-6147.57,-6147.57,-6147.57
3800.0,-6129.20,-6129.20,-6129.20
3850.0,-6110.83,-6110.83,-6110.83
3900.0,-6092.46,-6092.46,-6092.46
3950.0,-6074.09,-6074.09,-6074.09
4000.0,-6055.72,-6055.72,-6055.72
4050.0,-6037.35,-6037.35,-6037.35
4100.0,-6018.98,-6018.98,-6018.98
4150.0,-6000.61,-6000.61,-6000.61
4200.0,-5982.24,-5982.24,-5982.24
4250.0,-5963.87,-5963.87,-5963.87
4300.0,-5945.50,-5945.50,-5945.50
4350.0,-5927.13,-5927.13,-5927.13
4400.0,-5908.76,-5908.76,-5908.76
4450.0,-5890.39,-5890.39,-5890.39
4500.0,-5872.02,-5872.02,-5872.02
4550.0,-5853.65,-5853.65,-5853.65
4600.0,-5835.28,-5835.28,-5835.28
4650.0,-5816.91,-5816.91,-5816.91
4700.0,-5798.54,-5798.54,-5798.54
4750.0,-5780.17,-5780.17,-5780.17
4800.0,-5761.80,-5761.80,-5761.80
4850.0,-5743.43,-5743.43,-5743.43
4900.0,-5725.06,-5725.06,-5725.06
4950.0,-5706.69,-5706.69,-5706.69
5000.0,-5688.32,-5688.32,-5688.32
5050.0,-5669.95,-5669.95,-5669.95
5100.0,-5651.58,-5651.58,-5651.58
5150.0,-5633.21,-5633.21,-5633.21
5200.0,-5614.84,-5614.84,-5614.84
5250.0,-5596.47,-5596.47,-5596.47
5300.0,-5578.10,-5578.10,-5578.10
5350.0,-5559.73,-5559.73,-5559.73
5400.0,-5541.36,-5541.36,-5541.36
5450.0,-5522.99,-5522.99,-5522.99
5500.0,-5504.62,-5504.62,-5504.62
5550.0,-5486.25,-5486.25,-5486.25
5600.0,-5467.88,-5467.88,-5467.88
5650.0,-5449.51,-5449.51,-5449.51
5700.0,-5431.14,-5431.14,-5431.14
5750.0,-5412.77,-5412.77,-5412.77
5800.0,-5394.40,-5394.40,-5394.40
5850.0,-5376.03,-5376.03,-5376.03
5900.0,-5357.66,-5357.66,-5357.66
5950.0,-5339.29,-5339.29,-5339.29
6000.0,-5320.92,-5320.92,-5320.92
6050.0,-5302.55,-5302.55,-5302.55
6100.0,-5284.18,-5284.18,-5284.18
6150.0,-5265.81,-5265.81,-5265.81
6200.0,-5247.44,-5247.44,-5247.44
6250.0,-5229.07,-5229.07,-5229.07
6300.0,-5210.70,-5210.70,-5210.70
6350.0,-5192.33,-5192.33,-5192.33
6400.0,-5173.96,-5173.96,-5173.96
6450.0,-5155.59,-5155.59,-5155.59
6500.0,-5137.22,-5137.22,-5137.22
6550.0,-5118.85,-5118.85,-5118.85
6600.0,-5100.48,-5100.48,-5100.48
6650.0,-5082.11,-5082.11,-5082.11
6700.0,-5063.74,-5063.74,-5063.74
6750.0,-5045.37,-5045.37,-5045.37
6800.0,-5027.00,-5027.00,-5027.00
6850.0,-5008.63,-5008.63,-5008.63
6900.0,-4990.26,-4990.26,-4990.26
6950.0,-4971.89,-4971.89,-4971.89
7000.0,-4953.52,-4953.52,-4953.52
7050.0,-4935.15,-4935.15,-4935.15
7100.0,-4916.78,-4916.78,-4916.78
7150.0,-4898.41,-4898.41,-4898.41
7200.0,-4880.04,-4880.04,-4880.04
7250.0,-4861.67,-4861.67,-4861.67
7300.0,-4843.30,-4843.30,-4843.30
7350.0,-4824.93,-4824.93,-4824.93
7400.0,-4806.56,-4806.56,-4806.56
7450.0,-4788.19,-4788.19,-4788.19
7500.0,-4769.82,-4769.82,-4769.82
7550.0,-4751.45,-4751.45,-4751.45
7600.0,-4733.08,-4733.08,-4733.08
7650.0,-4714.71,-4714.71,-4714.71
7700.0,-4696.34,-4696.34,-4696.34
7750.0,-4677.97,-4677.97,-4677.97
7800.0,-4659.60,-4659.60,-4659.60
7850.0,-4641.23,-4641.23,-4641.23
7900.0,-4622.86,-4622.86,-4622.86
7950.0,-4604.49,-4604.49,-4604.49
8000.0,-4586.12,-4586.12,-4586.12
