step,mean,ci_down,ci_up
1100.0,-10.00,-10.00,-10.00
1200.0,-698.73,-1259.00,-138.45
1300.0,-199.44,-355.82,-43.06
1400.0,-224.94,-388.33,-61.55
1500.0,-57.20,-115.71,1.30
1600.0,-83.29,-159.02,-7.56
1700.0,-72.42,-131.84,-13.01
1800.0,-32.41,-76.56,11.74
1900.0,-22.32,-46.60,1.95
2000.0,-20.30,-40.60,-0.01
2100.0,-10.00,-10.00,-10.00
2200.0,-10.00,-10.00,-10.00
2300.0,-10.00,-10.00,-10.00
2400.0,-19.65,-38.65,-0.64
2500.0,-10.00,-10.00,-10.00
2600.0,-17.99,-33.72,-2.25
2700.0,-10.00,-10.00,-10.00
2800.0,-10.00,-10.00,-10.00
2900.0,-10.00,-10.00,-10.00
3000.0,-10.00,-10.00,-10.00
3100.0,-10.00,-10.00,-10.00
3200.0,-10.00,-10.00,-10.00
3300.0,-10.00,-10.00,-10.00
3400.0,-10.00,-10.00,-10.00
3500.0,-10.00,-10.00,-10.00
3600.0,-10.00,-10.00,-10.00
3700.0,-10.00,-10.00,-10.00
3800.0,-10.00,-10.00,-10.00
3900.0,-10.00,-10.00,-10.00
4000.0,-10.00,-10.00,-10.00
4100.0,-10.00,-10.00,-10.00
4200.0,-10.00,-10.00,-10.00
4300.0,-10.00,-10.00,-10.00
4400.0,-10.00,-10.00,-10.00
4500.0,-10.00,-10.00,-10.00
4600.0,-10.00,-10.00,-10.00
4700.0,-10.00,-10.00,-10.00
4800.0,-10.00,-10.00,-10.00
4900.0,-10.00,-10.00,-10.00
5000.0,-10.00,-10.00,-10.00
5100.0,-10.00,-10.00,-10.00
5200.0,-10.00,-10.00,-10.00
5300.0,-10.00,-10.00,-10.00
5400.0,-10.00,-10.00,-10.00
5500.0,-10.00,-10.00,-10.00
5600.0,-10.00,-10.00,-10.00
5700.0,-10.00,-10.00,-10.00
5800.0,-10.00,-10.00,-10.00
5900.0,-10.00,-10.00,-10.00
6000.0,-10.00,-10.00,-10.00
6100.0,-10.00,-10.00,-10.00
6200.0,-10.00,-10.00,-10.00
6300.0,-10.00,-10.00,-10.00
6400.0,-10.00,-10.00,-10.00
6500.0,-10.00,-10.00,-10.00
6600.0,-10.00,-10.00,-10.00
6700.0,-10.00,-10.00,-10.00
6800.0,-10.00,-10.00,-10.00
6900.0,-10.00,-10.00,-10.00
7000.0,-10.00,-10.00,-10.00
7100.0,-10.00,-10.00,-10.00
7200.0,-10.00,-10.00,-10.00
7300.0,-10.00,-10.00,-10.00
7400.0,-10.00,-10.00,-10.00
7500.0,-10.00,-10.00,-10.00
7600.0,-10.00,-10.00,-10.00
7700.0,-10.00,-10.00,-10.00
7800.0,-10.00,-10.00,-10.00
7900.0,-10.00,-10.00,-10.00
8000.0,-10.00,-10.00,-10.00
8100.0,-10.00,-10.00,-10.00
8200.0,-10.00,-10.00,-10.00
8300.0,-10.00,-10.00,-10.00
8400.0,-10.00,-10.00,-10.00
8500.0,-10.00,-10.00,-10.00
8600.0,-10.00,-10.00,-10.00
8700.0,-10.00,-10.00,-10.00
8800.0,-10.00,-10.00,-10.00
8900.0,-10.00,-10.00,-10.00
9000.0,-10.00,-10.00,-10.00
9100.0,-10.00,-10.00,-10.00
9200.0,-10.00,-10.00,-10.00
9300.0,-10.00,-10.00,-10.00
9400.0,-10.00,-10.00,-10.00
9500.0,-10.00,-10.00,-10.00
9600.0,-10.00,-10.00,-10.00
9700.0,-10.00,-10.00,-10.00
9800.0,-10.00,-10.00,-10.00
9900.0,-10.00,-10.00,-10.00
10000.0,-10.00,-10.00,-10.00
10100.0,-10.00,-10.00,-10.00
10200.0,-10.00,-10.00,-10.00
10300.0,-10.00,-10.00,-10.00
10400.0,-9.77,-10.22,-9.32
10500.0,-10.00,-10.00,-10.00
10600.0,-10.00,-10.00,-10.00
10700.0,-10.00,-10.00,-10.00
10800.0,-10.00,-10.00,-10.00
10900.0,-10.00,-10.00,-10.00
11000.0,-10.00,-10.00,-10.00
11100.0,-10.00,-10.00,-10.00
11200.0,-10.00,-10.00,-10.00
11300.0,-10.00,-10.00,-10.00
11400.0,-10.00,-10.00,-10.00
11500.0,-10.00,-10.00,-10.00
11600.0,-10.00,-10.00,-10.00
11700.0,-10.00,-10.00,-10.00
11800.0,-10.00,-10.00,-10.00
11900.0,-9.77,-10.22,-9.32
12000.0,-10.00,-10.00,-10.00
12100.0,-10.00,-10.00,-10.00
12200.0,-10.00,-10.00,-10.00
12300.0,-9.77,-10.22,-9.32
12400.0,-10.00,-10.00,-10.00
12500.0,-10.00,-10.00,-10.00
12600.0,-10.00,-10.00,-10.00
12700.0,-10.00,-10.00,-10.00
12800.0,-9.58,-10.16,-9.00
12900.0,-9.77,-10.22,-9.32
13000.0,-9.35,-10.08,-8.62
13100.0,-9.77,-10.22,-9.32
13200.0,-9.17,-9.98,-8.36
13300.0,-9.77,-10.22,-9.32
13400.0,-9.58,-10.16,-9.00
13500.0,-9.35,-10.08,-8.62
13600.0,-9.54,-10.18,-8.90
13700.0,-9.54,-10.18,-8.90
13800.0,-9.31,-10.09,-8.53
13900.0,-9.31,-10.09,-8.53
14000.0,-8.85,-9.84,-7.86
14100.0,-7.98,-9.25,-6.70
14200.0,-6.55,-8.18,-4.93
14300.0,-6.32,-7.99,-4.66
14400.0,-6.32,-7.99,-4.66
14500.0,-4.48,-6.43,-2.54
14600.0,-4.71,-6.63,-2.80
14700.0,-2.08,-4.22,0.06
14800.0,-2.27,-4.41,-0.14
14900.0,-0.81,-3.04,1.42
15000.0,0.57,-1.70,2.84
15100.0,1.49,-0.78,3.76
15200.0,3.56,1.32,5.80
15300.0,5.81,3.71,7.91
15400.0,7.88,6.00,9.76
15500.0,8.61,6.83,10.40
15600.0,8.61,6.83,10.40
15700.0,9.76,8.18,11.34
15800.0,11.14,9.91,12.38
15900.0,11.83,10.84,12.82
16000.0,12.52,11.88,13.16
16100.0,12.98,12.98,12.98
16200.0,12.98,12.98,12.98
16300.0,12.75,12.30,13.20
16400.0,12.98,12.98,12.98
16500.0,12.98,12.98,12.98
16600.0,12.98,12.98,12.98
16700.0,12.98,12.98,12.98
16800.0,12.98,12.98,12.98
16900.0,12.98,12.98,12.98
17000.0,12.98,12.98,12.98
17100.0,12.98,12.98,12.98
17200.0,12.98,12.98,12.98
17300.0,12.98,12.98,12.98
17400.0,12.98,12.98,12.98
17500.0,12.98,12.98,12.98
17600.0,12.98,12.98,12.98
17700.0,12.98,12.98,12.98
17800.0,12.98,12.98,12.98
17900.0,12.98,12.98,12.98
18000.0,12.98,12.98,12.98
18100.0,12.98,12.98,12.98
18200.0,12.98,12.98,12.98
18300.0,12.98,12.98,12.98
18400.0,12.98,12.98,12.98
18500.0,12.98,12.98,12.98
18600.0,12.98,12.98,12.98
18700.0,12.98,12.98,12.98
18800.0,12.98,12.98,12.98
18900.0,12.98,12.98,12.98
19000.0,12.98,12.98,12.98
19100.0,12.98,12.98,12.98
19200.0,12.98,12.98,12.98
19300.0,12.98,12.98,12.98
19400.0,12.98,12.98,12.98
19500.0,12.98,12.98,12.98
19600.0,12.98,12.98,12.98
19700.0,12.98,12.98,12.98
19800.0,12.98,12.98,12.98
19900.0,12.98,12.98,12.98
20000.0,12.98,12.98,12.98
20100.0,12.98,12.98,12.98
20200.0,12.98,12.98,12.98
20300.0,12.98,12.98,12.98
20400.0,12.98,12.98,12.98
20500.0,12.98,12.98,12.98
20600.0,12.98,12.98,12.98
20700.0,12.98,12.98,12.98
20800.0,12.98,12.98,12.98
20900.0,12.98,12.98,12.98
21000.0,12.98,12.98,12.98
21100.0,12.98,12.98,12.98
21200.0,12.98,12.98,12.98
21300.0,12.98,12.98,12.98
21400.0,12.98,12.98,12.98
21500.0,12.98,12.98,12.98
21600.0,12.98,12.98,12.98
21700.0,12.98,12.98,12.98
21800.0,12.98,12.98,12.98
21900.0,12.98,12.98,12.98
22000.0,12.98,12.98,12.98
22100.0,12.98,12.98,12.98
22200.0,12.98,12.98,12.98
22300.0,12.98,12.98,12.98
22400.0,12.98,12.98,12.98
22500.0,12.98,12.98,12.98
22600.0,12.98,12.98,12.98
22700.0,12.98,12.98,12.98
22800.0,12.98,12.98,12.98
22900.0,12.98,12.98,12.98
23000.0,12.98,12.98,12.98
23100.0,12.98,12.98,12.98
23200.0,12.98,12.98,12.98
23300.0,12.98,12.98,12.98
23400.0,12.98,12.98,12.98
23500.0,12.98,12.98,12.98
23600.0,12.98,12.98,12.98
23700.0,12.98,12.98,12.98
23800.0,12.98,12.98,12.98
23900.0,12.98,12.98,12.98
24000.0,12.98,12.98,12.98
24100.0,12.98,12.98,12.98
24200.0,12.98,12.98,12.98
24300.0,12.98,12.98,12.98
24400.0,12.98,12.98,12.98
24500.0,12.98,12.98,12.98
24600.0,12.98,12.98,12.98
24700.0,12.98,12.98,12.98
24800.0,12.98,12.98,12.98
24900.0,12.98,12.98,12.98
25000.0,12.98,12.98,12.98
