step,mean,ci_down,ci_up
1100.0,202.00,202.00,202.00
1200.0,104.62,32.10,177.15
1300.0,147.04,112.06,182.03
1400.0,166.67,144.19,189.16
1500.0,191.33,179.42,203.24
1600.0,187.20,175.67,198.72
1700.0,191.14,181.80,200.49
1800.0,199.90,195.76,204.04
1900.0,200.03,196.14,203.92
2000.0,200.12,196.40,203.83
2100.0,202.00,202.00,202.00
2200.0,202.00,202.00,202.00
2300.0,202.00,202.00,202.00
2400.0,200.08,196.30,203.86
2500.0,202.00,202.00,202.00
2600.0,200.10,196.36,203.84
2700.0,202.00,202.00,202.00
2800.0,202.00,202.00,202.00
2900.0,202.00,202.00,202.00
3000.0,202.00,202.00,202.00
3100.0,202.00,202.00,202.00
3200.0,202.00,202.00,202.00
3300.0,202.00,202.00,202.00
3400.0,202.00,202.00,202.00
3500.0,202.00,202.00,202.00
3600.0,202.00,202.00,202.00
3700.0,202.00,202.00,202.00
3800.0,202.00,202.00,202.00
3900.0,202.00,202.00,202.00
4000.0,202.00,202.00,202.00
4100.0,202.00,202.00,202.00
4200.0,202.00,202.00,202.00
4300.0,202.00,202.00,202.00
4400.0,202.00,202.00,202.00
4500.0,202.00,202.00,202.00
4600.0,202.00,202.00,202.00
4700.0,202.00,202.00,202.00
4800.0,202.00,202.00,202.00
4900.0,202.00,202.00,202.00
5000.0,202.00,202.00,202.00
5100.0,202.00,202.00,202.00
5200.0,202.00,202.00,202.00
5300.0,202.00,202.00,202.00
5400.0,202.00,202.00,202.00
5500.0,202.00,202.00,202.00
5600.0,202.00,202.00,202.00
5700.0,202.00,202.00,202.00
5800.0,202.00,202.00,202.00
5900.0,202.00,202.00,202.00
6000.0,202.00,202.00,202.00
6100.0,202.00,202.00,202.00
6200.0,202.00,202.00,202.00
6300.0,202.00,202.00,202.00
6400.0,202.00,202.00,202.00
6500.0,202.00,202.00,202.00
6600.0,202.00,202.00,202.00
6700.0,202.00,202.00,202.00
6800.0,202.00,202.00,202.00
6900.0,202.00,202.00,202.00
7000.0,202.00,202.00,202.00
7100.0,202.00,202.00,202.00
7200.0,202.00,202.00,202.00
7300.0,202.00,202.00,202.00
7400.0,202.00,202.00,202.00
7500.0,202.00,202.00,202.00
7600.0,202.00,202.00,202.00
7700.0,202.00,202.00,202.00
7800.0,202.00,202.00,202.00
7900.0,202.00,202.00,202.00
8000.0,202.00,202.00,202.00
8100.0,202.00,202.00,202.00
8200.0,202.00,202.00,202.00
8300.0,202.00,202.00,202.00
8400.0,202.00,202.00,202.00
8500.0,202.00,202.00,202.00
8600.0,202.00,202.00,202.00
8700.0,202.00,202.00,202.00
8800.0,202.00,202.00,202.00
8900.0,202.00,202.00,202.00
9000.0,202.00,202.00,202.00
9100.0,202.00,202.00,202.00
9200.0,202.00,202.00,202.00
9300.0,202.00,202.00,202.00
9400.0,202.00,202.00,202.00
9500.0,202.00,202.00,202.00
9600.0,202.00,202.00,202.00
9700.0,202.00,202.00,202.00
9800.0,202.00,202.00,202.00
9900.0,202.00,202.00,202.00
10000.0,202.00,202.00,202.00
10100.0,202.00,202.00,202.00
10200.0,202.00,202.00,202.00
10300.0,202.00,202.00,202.00
10400.0,200.20,196.65,203.75
10500.0,202.00,202.00,202.00
10600.0,202.00,202.00,202.00
10700.0,202.00,202.00,202.00
10800.0,202.00,202.00,202.00
10900.0,202.00,202.00,202.00
11000.0,202.00,202.00,202.00
11100.0,202.00,202.00,202.00
11200.0,202.00,202.00,202.00
11300.0,202.00,202.00,202.00
11400.0,202.00,202.00,202.00
11500.0,202.00,202.00,202.00
11600.0,202.00,202.00,202.00
11700.0,202.00,202.00,202.00
11800.0,202.00,202.00,202.00
11900.0,200.20,196.65,203.75
12000.0,202.00,202.00,202.00
12100.0,202.00,202.00,202.00
12200.0,202.00,202.00,202.00
12300.0,200.20,196.65,203.75
12400.0,202.00,202.00,202.00
12500.0,202.00,202.00,202.00
12600.0,202.00,202.00,202.00
12700.0,202.00,202.00,202.00
12800.0,198.42,193.46,203.38
12900.0,200.20,196.65,203.75
13000.0,196.62,190.56,202.68
13100.0,200.20,196.65,203.75
13200.0,194.84,187.90,201.78
13300.0,200.20,196.65,203.75
13400.0,198.42,193.46,203.38
13500.0,196.62,190.56,202.68
13600.0,198.40,193.41,203.39
13700.0,198.40,193.41,203.39
13800.0,196.60,190.52,202.68
13900.0,196.60,190.52,202.68
14000.0,193.00,185.23,200.77
14100.0,185.82,175.63,196.01
14200.0,175.00,162.27,187.73
14300.0,173.20,160.14,186.26
14400.0,173.20,160.14,186.26
14500.0,158.80,143.58,174.02
14600.0,160.60,145.60,175.60
14700.0,139.06,122.08,156.04
14800.0,140.84,123.97,157.71
14900.0,130.00,112.54,147.46
15000.0,119.20,101.44,136.96
15100.0,112.00,94.18,129.82
15200.0,95.80,78.27,113.33
15300.0,77.82,61.34,94.30
15400.0,61.62,46.86,76.38
15500.0,56.20,42.22,70.18
15600.0,56.20,42.22,70.18
15700.0,47.20,34.83,59.57
15800.0,36.40,26.73,46.07
15900.0,31.00,23.23,38.77
16000.0,25.60,20.61,30.59
16100.0,22.00,22.00,22.00
16200.0,22.00,22.00,22.00
16300.0,23.80,20.25,27.35
16400.0,22.00,22.00,22.00
16500.0,22.00,22.00,22.00
16600.0,22.00,22.00,22.00
16700.0,22.00,22.00,22.00
16800.0,22.00,22.00,22.00
16900.0,22.00,22.00,22.00
17000.0,22.00,22.00,22.00
17100.0,22.00,22.00,22.00
17200.0,22.00,22.00,22.00
17300.0,22.00,22.00,22.00
17400.0,22.00,22.00,22.00
17500.0,22.00,22.00,22.00
17600.0,22.00,22.00,22.00
17700.0,22.00,22.00,22.00
17800.0,22.00,22.00,22.00
17900.0,22.00,22.00,22.00
18000.0,22.00,22.00,22.00
18100.0,22.00,22.00,22.00
18200.0,22.00,22.00,22.00
18300.0,22.00,22.00,22.00
18400.0,22.00,22.00,22.00
18500.0,22.00,22.00,22.00
18600.0,22.00,22.00,22.00
18700.0,22.00,22.00,22.00
18800.0,22.00,22.00,22.00
18900.0,22.00,22.00,22.00
19000.0,22.00,22.00,22.00
19100.0,22.00,22.00,22.00
19200.0,22.00,22.00,22.00
19300.0,22.00,22.00,22.00
19400.0,22.00,22.00,22.00
19500.0,22.00,22.00,22.00
19600.0,22.00,22.00,22.00
19700.0,22.00,22.00,22.00
19800.0,22.00,22.00,22.00
19900.0,22.00,22.00,22.00
20000.0,22.00,22.00,22.00
20100.0,22.00,22.00,22.00
20200.0,22.00,22.00,22.00
20300.0,22.00,22.00,22.00
20400.0,22.00,22.00,22.00
20500.0,22.00,22.00,22.00
20600.0,22.00,22.00,22.00
20700.0,22.00,22.00,22.00
20800.0,22.00,22.00,22.00
20900.0,22.00,22.00,22.00
21000.0,22.00,22.00,22.00
21100.0,22.00,22.00,22.00
21200.0,22.00,22.00,22.00
21300.0,22.00,22.00,22.00
21400.0,22.00,22.00,22.00
21500.0,22.00,22.00,22.00
21600.0,22.00,22.00,22.00
21700.0,22.00,22.00,22.00
21800.0,22.00,22.00,22.00
21900.0,22.00,22.00,22.00
22000.0,22.00,22.00,22.00
22100.0,22.00,22.00,22.00
22200.0,22.00,22.00,22.00
22300.0,22.00,22.00,22.00
22400.0,22.00,22.00,22.00
22500.0,22.00,22.00,22.00
22600.0,22.00,22.00,22.00
22700.0,22.00,22.00,22.00
22800.0,22.00,22.00,22.00
22900.0,22.00,22.00,22.00
23000.0,22.00,22.00,22.00
23100.0,22.00,22.00,22.00
23200.0,22.00,22.00,22.00
23300.0,22.00,22.00,22.00
23400.0,22.00,22.00,22.00
23500.0,22.00,22.00,22.00
23600.0,22.00,22.00,22.00
23700.0,22.00,22.00,22.00
23800.0,22.00,22.00,22.00
23900.0,22.00,22.00,22.00
24000.0,22.00,22.00,22.00
24100.0,22.00,22.00,22.00
24200.0,22.00,22.00,22.00
24300.0,22.00,22.00,22.00
24400.0,22.00,22.00,22.00
24500.0,22.00,22.00,22.00
24600.0,22.00,22.00,22.00
24700.0,22.00,22.00,22.00
24800.0,22.00,22.00,22.00
24900.0,22.00,22.00,22.00
25000.0,22.00,22.00,22.00
