step,mean,ci_down,ci_up
2350.0,202.00,202.00,202.00
2400.0,202.00,202.00,202.00
2450.0,202.00,202.00,202.00
2500.0,202.00,202.00,202.00
2550.0,202.00,202.00,202.00
2600.0,126.75,56.86,196.64
2650.0,117.00,41.53,192.47
2700.0,145.33,73.83,216.84
2750.0,202.00,202.00,202.00
2800.0,202.00,202.00,202.00
2850.0,202.00,202.00,202.00
2900.0,164.17,114.07,214.26
2950.0,202.00,202.00,202.00
3000.0,202.00,202.00,202.00
3050.0,202.00,202.00,202.00
3100.0,202.00,202.00,202.00
3150.0,202.00,202.00,202.00
3200.0,202.00,202.00,202.00
3250.0,202.00,202.00,202.00
3300.0,202.00,202.00,202.00
3350.0,202.00,202.00,202.00
3400.0,202.00,202.00,202.00
3450.0,202.00,202.00,202.00
3500.0,202.00,202.00,202.00
3550.0,202.00,202.00,202.00
3600.0,202.00,202.00,202.00
3650.0,202.00,202.00,202.00
3700.0,202.00,202.00,202.00
3750.0,202.00,202.00,202.00
3800.0,202.00,202.00,202.00
3850.0,202.00,202.00,202.00
3900.0,202.00,202.00,202.00
3950.0,202.00,202.00,202.00
4000.0,202.00,202.00,202.00
4050.0,202.00,202.00,202.00
4100.0,202.00,202.00,202.00
4150.0,202.00,202.00,202.00
4200.0,202.00,202.00,202.00
4250.0,202.00,202.00,202.00
4300.0,202.00,202.00,202.00
4350.0,202.00,202.00,202.00
4400.0,202.00,202.00,202.00
4450.0,202.00,202.00,202.00
4500.0,202.00,202.00,202.00
4550.0,202.00,202.00,202.00
4600.0,202.00,202.00,202.00
4650.0,202.00,202.00,202.00
4700.0,202.00,202.00,202.00
4750.0,202.00,202.00,202.00
4800.0,202.00,202.00,202.00
4850.0,202.00,202.00,202.00
4900.0,202.00,202.00,202.00
4950.0,202.00,202.00,202.00
5000.0,202.00,202.00,202.00
5050.0,202.00,202.00,202.00
5100.0,188.00,160.26,215.74
5150.0,160.00,116.14,203.86
5200.0,146.00,97.96,194.04
5250.0,146.00,97.96,194.04
5300.0,132.00,81.36,182.64
5350.0,132.00,81.36,182.64
5400.0,118.00,66.11,169.89
5450.0,118.00,66.11,169.89
5500.0,118.00,66.11,169.89
5550.0,118.00,66.11,169.89
5600.0,118.00,66.11,169.89
5650.0,90.00,39.36,140.64
5700.0,90.00,39.36,140.64
5750.0,104.00,52.11,155.89
5800.0,76.00,27.96,124.04
5850.0,90.00,39.36,140.64
5900.0,62.00,18.14,105.86
5950.0,76.00,27.96,124.04
6000.0,76.00,27.96,124.04
6050.0,76.00,27.96,124.04
6100.0,62.00,18.14,105.86
6150.0,62.00,18.14,105.86
6200.0,48.00,10.44,85.56
6250.0,34.00,6.26,61.74
6300.0,34.00,6.26,61.74
6350.0,34.00,6.26,61.74
6400.0,20.00,20.00,20.00
6450.0,20.00,20.00,20.00
6500.0,20.00,20.00,20.00
6550.0,20.00,20.00,20.00
6600.0,20.00,20.00,20.00
6650.0,20.00,20.00,20.00
6700.0,20.00,20.00,20.00
6750.0,20.00,20.00,20.00
6800.0,20.00,20.00,20.00
6850.0,20.00,20.00,20.00
6900.0,20.00,20.00,20.00
6950.0,20.00,20.00,20.00
7000.0,20.00,20.00,20.00
7050.0,20.00,20.00,20.00
7100.0,20.00,20.00,20.00
7150.0,20.00,20.00,20.00
7200.0,20.00,20.00,20.00
7250.0,20.00,20.00,20.00
7300.0,20.00,20.00,20.00
7350.0,20.00,20.00,20.00
7400.0,20.00,20.00,20.00
7450.0,20.00,20.00,20.00
7500.0,20.00,20.00,20.00
7550.0,20.00,20.00,20.00
7600.0,20.00,20.00,20.00
7650.0,20.00,20.00,20.00
7700.0,20.00,20.00,20.00
7750.0,20.00,20.00,20.00
7800.0,20.00,20.00,20.00
7850.0,20.00,20.00,20.00
7900.0,20.00,20.00,20.00
7950.0,20.00,20.00,20.00
8000.0,20.00,20.00,20.00
