step,mean,ci_down,ci_up
2350.0,-10.00,-10.00,-10.00
2400.0,-10.00,-10.00,-10.00
2450.0,-10.00,-10.00,-10.00
2500.0,-10.00,-10.00,-10.00
2550.0,-10.00,-10.00,-10.00
2600.0,-870.96,-1842.12,100.20
2650.0,-716.70,-1546.84,113.44
2700.0,-457.65,-1026.94,111.64
2750.0,-10.00,-10.00,-10.00
2800.0,-10.00,-10.00,-10.00
2850.0,-10.00,-10.00,-10.00
2900.0,-428.11,-1037.75,181.53
2950.0,-10.00,-10.00,-10.00
3000.0,-10.00,-10.00,-10.00
3050.0,-10.00,-10.00,-10.00
3100.0,-10.00,-10.00,-10.00
3150.0,-10.00,-10.00,-10.00
3200.0,-10.00,-10.00,-10.00
3250.0,-10.00,-10.00,-10.00
3300.0,-10.00,-10.00,-10.00
3350.0,-10.00,-10.00,-10.00
3400.0,-10.00,-10.00,-10.00
3450.0,-10.00,-10.00,-10.00
3500.0,-10.00,-10.00,-10.00
3550.0,-10.00,-10.00,-10.00
3600.0,-10.00,-10.00,-10.00
3650.0,-10.00,-10.00,-10.00
3700.0,-10.00,-10.00,-10.00
3750.0,-10.00,-10.00,-10.00
3800.0,-10.00,-10.00,-10.00
3850.0,-10.00,-10.00,-10.00
3900.0,-10.00,-10.00,-10.00
3950.0,-10.00,-10.00,-10.00
4000.0,-10.00,-10.00,-10.00
4050.0,-10.00,-10.00,-10.00
4100.0,-10.00,-10.00,-10.00
4150.0,-10.00,-10.00,-10.00
4200.0,-10.00,-10.00,-10.00
4250.0,-10.00,-10.00,-10.00
4300.0,-10.00,-10.00,-10.00
4350.0,-10.00,-10.00,-10.00
4400.0,-10.00,-10.00,-10.00
4450.0,-10.00,-10.00,-10.00
4500.0,-10.00,-10.00,-10.00
4550.0,-10.00,-10.00,-10.00
4600.0,-10.00,-10.00,-10.00
4650.0,-10.00,-10.00,-10.00
4700.0,-10.00,-10.00,-10.00
4750.0,-10.00,-10.00,-10.00
4800.0,-10.00,-10.00,-10.00
4850.0,-10.00,-10.00,-10.00
4900.0,-10.00,-10.00,-10.00
4950.0,-10.00,-10.00,-10.00
5000.0,-10.00,-10.00,-10.00
5050.0,-10.00,-10.00,-10.00
5100.0,-7.82,-12.14,-3.49
5150.0,-3.45,-10.29,3.38
5200.0,-1.27,-8.76,6.22
5250.0,-1.27,-8.76,6.22
5300.0,0.91,-6.98,8.81
5350.0,0.91,-6.98,8.81
5400.0,3.09,-4.99,11.18
5450.0,3.09,-4.99,11.18
5500.0,3.09,-4.99,11.18
5550.0,3.09,-4.99,11.18
5600.0,3.09,-4.99,11.18
5650.0,7.46,-0.44,15.35
5700.0,7.46,-0.44,15.35
5750.0,5.28,-2.81,13.36
5800.0,9.64,2.15,17.13
5850.0,7.46,-0.44,15.35
5900.0,11.82,4.99,18.66
5950.0,9.64,2.15,17.13
6000.0,9.64,2.15,17.13
6050.0,9.64,2.15,17.13
6100.0,11.82,4.99,18.66
6150.0,11.82,4.99,18.66
6200.0,14.01,8.15,19.86
6250.0,16.19,11.86,20.51
6300.0,16.19,11.86,20.51
6350.0,16.19,11.86,20.51
6400.0,18.37,18.37,18.37
6450.0,18.37,18.37,18.37
6500.0,18.37,18.37,18.37
6550.0,18.37,18.37,18.37
6600.0,18.37,18.37,18.37
6650.0,18.37,18.37,18.37
6700.0,18.37,18.37,18.37
6750.0,18.37,18.37,18.37
6800.0,18.37,18.37,18.37
6850.0,18.37,18.37,18.37
6900.0,18.37,18.37,18.37
6950.0,18.37,18.37,18.37
7000.0,18.37,18.37,18.37
7050.0,18.37,18.37,18.37
7100.0,18.37,18.37,18.37
7150.0,18.37,18.37,18.37
7200.0,18.37,18.37,18.37
7250.0,18.37,18.37,18.37
7300.0,18.37,18.37,18.37
7350.0,18.37,18.37,18.37
7400.0,18.37,18.37,18.37
7450.0,18.37,18.37,18.37
7500.0,18.37,18.37,18.37
7550.0,18.37,18.37,18.37
7600.0,18.37,18.37,18.37
7650.0,18.37,18.37,18.37
7700.0,18.37,18.37,18.37
7750.0,18.37,18.37,18.37
7800.0,18.37,18.37,18.37
7850.0,18.37,18.37,18.37
7900.0,18.37,18.37,18.37
7950.0,18.37,18.37,18.37
8000.0,18.37,18.37,18.37
