step,mean,ci_down,ci_up
850.0,202.00,202.00,202.00
900.0,247.50,247.50,247.50
950.0,449.50,449.50,449.50
1000.0,651.50,651.50,651.50
1050.0,702.50,702.50,702.50
1100.0,747.50,747.50,747.50
1150.0,949.50,949.50,949.50
1200.0,1151.50,1151.50,1151.50
1250.0,1353.50,1353.50,1353.50
1300.0,1555.50,1555.50,1555.50
1350.0,1757.50,1757.50,1757.50
1400.0,1959.50,1959.50,1959.50
1450.0,2161.50,2161.50,2161.50
1500.0,2363.50,2363.50,2363.50
1550.0,2565.50,2565.50,2565.50
1600.0,2767.50,2767.50,2767.50
1650.0,2969.50,2969.50,2969.50
1700.0,3171.50,3171.50,3171.50
1750.0,3373.50,3373.50,3373.50
1800.0,3575.50,3575.50,3575.50
1850.0,3777.50,3777.50,3777.50
1900.0,3979.50,3979.50,3979.50
1950.0,4181.50,4181.50,4181.50
2000.0,4383.50,4383.50,4383.50
2050.0,4585.50,4585.50,4585.50
2100.0,4787.50,4787.50,4787.50
2150.0,4989.50,4989.50,4989.50
2200.0,5191.50,5191.50,5191.50
2250.0,5393.50,5393.50,5393.50
2300.0,5595.50,5595.50,5595.50
2350.0,5797.50,5797.50,5797.50
2400.0,5999.50,5999.50,5999.50
2450.0,6201.50,6201.50,6201.50
2500.0,6403.50,6403.50,6403.50
2550.0,6605.50,6605.50,6605.50
2600.0,6807.50,6807.50,6807.50
2650.0,7009.50,7009.50,7009.50
2700.0,7211.50,7211.50,7211.50
2750.0,7413.50,7413.50,7413.50
2800.0,7615.50,7615.50,7615.50
2850.0,7817.50,7817.50,7817.50
2900.0,8019.50,8019.50,8019.50
2950.0,8221.50,8221.50,8221.50
3000.0,8423.50,8423.50,8423.50
3050.0,8625.50,8625.50,8625.50
3100.0,8827.50,8827.50,8827.50
3150.0,9029.50,9029.50,9029.50
3200.0,9231.50,9231.50,9231.50
3250.0,9433.50,9433.50,9433.50
3300.0,9635.50,9635.50,9635.50
3350.0,9837.50,9837.50,9837.50
3400.0,10039.50,10039.50,10039.50
3450.0,10241.50,10241.50,10241.50
3500.0,10443.50,10443.50,10443.50
3550.0,10645.50,10645.50,10645.50
3600.0,10847.50,10847.50,10847.50
3650.0,11049.50,11049.50,11049.50
3700.0,11251.50,11251.50,11251.50
3750.0,11271.50,11271.50,11271.50
3800.0,11291.50,11291.50,11291.50
3850.0,11311.50,11311.50,11311.50
3900.0,11331.50,11331.50,11331.50
3950.0,11351.50,11351.50,11351.50
4000.0,11371.50,11371.50,11371.50
4050.0,11391.50,11391.50,11391.50
4100.0,11411.50,11411.50,11411.50
4150.0,11431.50,11431.50,11431.50
4200.0,11451.50,11451.50,11451.50
4250.0,11471.50,11471.50,11471.50
4300.0,11491.50,11491.50,11491.50
4350.0,11511.50,11511.50,11511.50
4400.0,11531.50,11531.50,11531.50
4450.0,11551.50,11551.50,11551.50
4500.0,11571.50,11571.50,11571.50
4550.0,11591.50,11591.50,11591.50
4600.0,11611.50,11611.50,11611.50
4650.0,11631.50,11631.50,11631.50
4700.0,11651.50,11651.50,11651.50
4750.0,11671.50,11671.50,11671.50
4800.0,11691.50,11691.50,11691.50
4850.0,11711.50,11711.50,11711.50
4900.0,11731.50,11731.50,11731.50
4950.0,11751.50,11751.50,11751.50
5000.0,11771.50,11771.50,11771.50
5050.0,11791.50,11791.50,11791.50
5100.0,11811.50,11811.50,11811.50
5150.0,11831.50,11831.50,11831.50
5200.0,11851.50,11851.50,11851.50
5250.0,11871.50,11871.50,11871.50
5300.0,11891.50,11891.50,11891.50
5350.0,11911.50,11911.50,11911.50
5400.0,11931.50,11931.50,11931.50
5450.0,11951.50,11951.50,11951.50
5500.0,11971.50,11971.50,11971.50
5550.0,11991.50,11991.50,11991.50
5600.0,12011.50,12011.50,12011.50
5650.0,12031.50,12031.50,12031.50
5700.0,12051.50,12051.50,12051.50
5750.0,12071.50,12071.50,12071.50
5800.0,12091.50,12091.50,12091.50
5850.0,12111.50,12111.50,12111.50
5900.0,12131.50,12131.50,12131.50
5950.0,12151.50,12151.50,12151.50
6000.0,12171.50,12171.50,12171.50
6050.0,12191.50,12191.50,12191.50
6100.0,12211.50,12211.50,12211.50
6150.0,12231.50,12231.50,12231.50
6200.0,12251.50,12251.50,12251.50
6250.0,12271.50,12271.50,12271.50
6300.0,12291.50,12291.50,12291.50
6350.0,12311.50,12311.50,12311.50
6400.0,12331.50,12331.50,12331.50
6450.0,12351.50,12351.50,12351.50
6500.0,12371.50,12371.50,12371.50
6550.0,12391.50,12391.50,12391.50
6600.0,12411.50,12411.50,12411.50
6650.0,12431.50,12431.50,12431.50
6700.0,12451.50,12451.50,12451.50
6750.0,12471.50,12471.50,12471.50
6800.0,12491.50,12491.50,12491.50
6850.0,12511.50,12511.50,12511.50
6900.0,12531.50,12531.50,12531.50
6950.0,12551.50,12551.50,12551.50
7000.0,12571.50,12571.50,12571.50
7050.0,12591.50,12591.50,12591.50
7100.0,12611.50,12611.50,12611.50
7150.0,12631.50,12631.50,12631.50
7200.0,12651.50,12651.50,12651.50
7250.0,12671.50,12671.50,12671.50
7300.0,12691.50,12691.50,12691.50
7350.0,12711.50,12711.50,12711.50
7400.0,12731.50,12731.50,12731.50
7450.0,12751.50,12751.50,12751.50
7500.0,12771.50,12771.50,12771.50
7550.0,12791.50,12791.50,12791.50
7600.0,12811.50,12811.50,12811.50
7650.0,12831.50,12831.50,12831.50
7700.0,12851.50,12851.50,12851.50
7750.0,12871.50,12871.50,12871.50
7800.0,12891.50,12891.50,12891.50
7850.0,12911.50,12911.50,12911.50
7900.0,12931.50,12931.50,12931.50
7950.0,12951.50,12951.50,12951.50
8000.0,12971.50,12971.50,12971.50
