step,mean,ci_down,ci_up
850.0,-10.00,-10.00,-10.00
900.0,-1049.44,-3104.08,1005.21
950.0,-10.00,-10.00,-10.00
1000.0,-186.00,-533.89,161.89
1050.0,-432.31,-739.44,-125.17
1100.0,-437.00,-690.81,-183.20
1150.0,-195.97,-352.96,-38.98
1200.0,-299.15,-463.83,-134.47
1250.0,-202.21,-303.98,-100.45
1300.0,-342.63,-468.81,-216.46
1350.0,-304.86,-411.47,-198.24
1400.0,-229.91,-305.39,-154.44
1450.0,-226.52,-294.44,-158.60
1500.0,-261.35,-321.28,-201.42
1550.0,-257.42,-312.10,-202.74
1600.0,-218.39,-263.59,-173.19
1650.0,-230.24,-272.88,-187.60
1700.0,-204.36,-238.62,-170.11
1750.0,-177.31,-207.02,-147.59
1800.0,-196.38,-224.57,-168.19
1850.0,-162.64,-186.69,-138.59
1900.0,-164.36,-186.03,-142.69
1950.0,-170.17,-191.32,-149.02
2000.0,-143.60,-161.39,-125.81
2050.0,-139.20,-155.68,-122.72
2100.0,-128.45,-143.20,-113.69
2150.0,-112.19,-125.63,-98.74
2200.0,-109.11,-121.53,-96.68
2250.0,-90.38,-101.08,-79.68
2300.0,-85.28,-95.19,-75.37
2350.0,-84.20,-93.42,-74.99
2400.0,-70.66,-78.77,-62.55
2450.0,-76.38,-84.73,-68.04
2500.0,-63.15,-70.35,-55.96
2550.0,-58.94,-65.76,-52.11
2600.0,-47.93,-53.65,-42.20
2650.0,-42.60,-48.24,-36.95
2700.0,-40.48,-45.43,-35.54
2750.0,-29.56,-33.53,-25.59
2800.0,-23.22,-26.30,-20.15
2850.0,-19.63,-22.18,-17.08
2900.0,-18.20,-20.57,-15.83
2950.0,-16.93,-19.22,-14.64
3000.0,-15.43,-17.26,-13.60
3050.0,-12.97,-14.27,-11.67
3100.0,-12.88,-13.98,-11.79
3150.0,-11.25,-11.89,-10.61
3200.0,-12.05,-12.86,-11.24
3250.0,-10.85,-11.34,-10.37
3300.0,-10.54,-10.94,-10.14
3350.0,-10.45,-10.79,-10.11
3400.0,-10.54,-10.89,-10.18
3450.0,-10.10,-10.23,-9.96
3500.0,-10.30,-10.60,-10.01
3550.0,-10.15,-10.42,-9.88
3600.0,-10.02,-10.14,-9.90
3650.0,-10.00,-10.13,-9.87
3700.0,-10.01,-10.17,-9.86
3750.0,-9.90,-10.04,-9.76
3800.0,-9.75,-9.82,-9.68
3850.0,-9.59,-9.67,-9.52
3900.0,-9.60,-9.70,-9.49
3950.0,-9.47,-9.63,-9.30
4000.0,-9.27,-9.43,-9.11
4050.0,-8.97,-9.10,-8.84
4100.0,-8.66,-8.80,-8.52
4150.0,-8.33,-8.46,-8.20
4200.0,-7.88,-8.03,-7.73
4250.0,-7.34,-7.51,-7.18
4300.0,-6.94,-7.11,-6.76
4350.0,-6.39,-6.57,-6.20
4400.0,-5.72,-5.92,-5.52
4450.0,-5.06,-5.28,-4.85
4500.0,-4.27,-4.49,-4.04
4550.0,-3.26,-3.50,-3.02
4600.0,-2.25,-2.50,-2.00
4650.0,-1.37,-1.63,-1.12
4700.0,-0.21,-0.48,0.06
4750.0,0.99,0.72,1.26
4800.0,2.20,1.92,2.47
4850.0,3.45,3.17,3.73
4900.0,4.65,4.37,4.93
4950.0,5.92,5.64,6.19
5000.0,7.20,6.93,7.47
5050.0,8.42,8.15,8.69
5100.0,9.64,9.38,9.90
5150.0,10.78,10.53,11.03
5200.0,11.87,11.64,12.11
5250.0,12.84,12.62,13.07
5300.0,13.73,13.52,13.94
5350.0,14.58,14.39,14.77
5400.0,15.36,15.18,15.53
5450.0,15.96,15.81,16.12
5500.0,16.52,16.39,16.66
5550.0,17.02,16.90,17.14
5600.0,17.37,17.27,17.48
5650.0,17.68,17.59,17.76
5700.0,17.87,17.80,17.94
5750.0,17.98,17.92,18.05
5800.0,18.11,18.05,18.16
5850.0,18.21,18.16,18.25
5900.0,18.27,18.23,18.30
5950.0,18.29,18.26,18.32
6000.0,18.34,18.32,18.36
6050.0,18.34,18.32,18.36
6100.0,18.36,18.35,18.37
6150.0,18.36,18.34,18.37
6200.0,18.36,18.35,18.37
6250.0,18.37,18.37,18.37
6300.0,18.37,18.36,18.37
6350.0,18.36,18.36,18.37
6400.0,18.36,18.36,18.37
6450.0,18.36,18.36,18.37
6500.0,18.37,18.36,18.37
6550.0,18.36,18.36,18.37
6600.0,18.36,18.36,18.37
6650.0,18.37,18.36,18.37
6700.0,18.37,18.36,18.37
6750.0,18.37,18.37,18.37
6800.0,18.37,18.37,18.37
6850.0,18.37,18.36,18.37
6900.0,18.37,18.36,18.37
6950.0,18.37,18.36,18.37
7000.0,18.36,18.35,18.37
7050.0,18.36,18.36,18.37
7100.0,18.37,18.36,18.37
7150.0,18.36,18.36,18.37
7200.0,18.36,18.36,18.37
7250.0,18.37,18.37,18.37
7300.0,18.37,18.37,18.37
7350.0,18.37,18.37,18.37
7400.0,18.37,18.36,18.37
7450.0,18.36,18.36,18.37
7500.0,18.37,18.36,18.37
7550.0,18.37,18.36,18.37
7600.0,18.37,18.36,18.37
7650.0,18.37,18.37,18.37
7700.0,18.37,18.37,18.37
7750.0,18.36,18.35,18.37
7800.0,18.36,18.35,18.37
7850.0,18.36,18.36,18.37
7900.0,18.37,18.36,18.37
7950.0,18.36,18.35,18.37
8000.0,18.36,18.35,18.37
