step,mean,ci_down,ci_up
850.0,202.00,202.00,202.00
900.0,149.83,46.72,252.95
950.0,202.00,202.00,202.00
1000.0,190.27,167.08,213.46
1050.0,164.25,137.28,191.22
1100.0,167.15,148.27,186.02
1150.0,182.41,168.42,196.40
1200.0,176.64,163.74,189.54
1250.0,179.95,169.88,190.02
1300.0,173.96,164.32,183.59
1350.0,180.91,174.05,187.78
1400.0,180.55,174.45,186.66
1450.0,184.32,179.35,189.29
1500.0,179.90,175.20,184.61
1550.0,179.23,174.92,183.55
1600.0,182.07,178.44,185.69
1650.0,182.80,179.68,185.93
1700.0,184.63,181.95,187.32
1750.0,186.34,184.02,188.66
1800.0,185.39,183.25,187.54
1850.0,188.57,186.75,190.39
1900.0,187.10,185.32,188.88
1950.0,187.68,186.05,189.31
2000.0,189.39,187.97,190.80
2050.0,189.90,188.60,191.21
2100.0,190.21,188.98,191.44
2150.0,192.81,191.77,193.84
2200.0,193.19,192.22,194.16
2250.0,194.38,193.51,195.24
2300.0,194.43,193.60,195.26
2350.0,194.72,193.93,195.51
2400.0,195.65,194.93,196.37
2450.0,195.28,194.57,196.00
2500.0,196.44,195.80,197.08
2550.0,197.11,196.53,197.70
2600.0,197.69,197.14,198.23
2650.0,198.70,198.23,199.17
2700.0,198.85,198.39,199.30
2750.0,199.82,199.44,200.19
2800.0,200.21,199.87,200.55
2850.0,200.57,200.25,200.88
2900.0,200.82,200.55,201.10
2950.0,201.06,200.81,201.31
3000.0,201.12,200.88,201.36
3050.0,201.44,201.24,201.63
3100.0,201.34,201.13,201.55
3150.0,201.73,201.60,201.86
3200.0,201.46,201.26,201.65
3250.0,201.72,201.58,201.86
3300.0,201.84,201.74,201.94
3350.0,201.74,201.61,201.88
3400.0,201.70,201.55,201.84
3450.0,201.63,201.47,201.79
3500.0,201.52,201.34,201.70
3550.0,201.34,201.12,201.55
3600.0,201.39,201.18,201.59
3650.0,201.17,200.92,201.41
3700.0,200.75,200.46,201.05
3750.0,200.50,200.18,200.82
3800.0,200.10,199.73,200.46
3850.0,199.27,198.83,199.71
3900.0,198.84,198.37,199.31
3950.0,197.56,197.01,198.12
4000.0,196.12,195.49,196.76
4050.0,194.99,194.30,195.69
4100.0,193.11,192.34,193.89
4150.0,191.25,190.40,192.09
4200.0,188.37,187.42,189.32
4250.0,184.93,183.88,185.98
4300.0,182.18,181.06,183.30
4350.0,178.81,177.61,180.01
4400.0,174.47,173.18,175.76
4450.0,170.23,168.87,171.60
4500.0,165.20,163.76,166.65
4550.0,158.72,157.19,160.25
4600.0,152.26,150.66,153.86
4650.0,146.64,144.98,148.29
4700.0,139.19,137.48,140.90
4750.0,131.48,129.72,133.23
4800.0,123.74,121.96,125.52
4850.0,115.70,113.90,117.49
4900.0,108.00,106.20,109.80
4950.0,99.90,98.11,101.68
5000.0,91.65,89.90,93.41
5050.0,83.81,82.09,85.53
5100.0,75.98,74.32,77.64
5150.0,68.67,67.07,70.26
5200.0,61.68,60.17,63.19
5250.0,55.45,54.03,56.88
5300.0,49.76,48.43,51.09
5350.0,44.32,43.09,45.54
5400.0,39.33,38.22,40.44
5450.0,35.45,34.45,36.45
5500.0,31.83,30.94,32.72
5550.0,28.64,27.88,29.41
5600.0,26.39,25.73,27.05
5650.0,24.44,23.89,25.00
5700.0,23.20,22.73,23.68
5750.0,22.49,22.08,22.91
5800.0,21.69,21.35,22.04
5850.0,21.06,20.78,21.33
5900.0,20.67,20.45,20.89
5950.0,20.49,20.30,20.68
6000.0,20.22,20.09,20.34
6050.0,20.18,20.07,20.30
6100.0,20.07,20.00,20.14
6150.0,20.09,20.01,20.17
6200.0,20.05,19.99,20.12
6250.0,20.00,20.00,20.00
6300.0,20.02,19.98,20.05
6350.0,20.04,19.99,20.09
6400.0,20.04,19.99,20.09
6450.0,20.04,19.99,20.09
6500.0,20.02,19.98,20.05
6550.0,20.04,19.99,20.09
6600.0,20.04,19.99,20.09
6650.0,20.02,19.98,20.05
6700.0,20.02,19.98,20.05
6750.0,20.00,20.00,20.00
6800.0,20.00,20.00,20.00
6850.0,20.02,19.98,20.05
6900.0,20.02,19.98,20.05
6950.0,20.02,19.98,20.05
7000.0,20.05,19.99,20.12
7050.0,20.04,19.99,20.09
7100.0,20.02,19.98,20.05
7150.0,20.04,19.99,20.09
7200.0,20.04,19.99,20.09
7250.0,20.00,20.00,20.00
7300.0,20.00,20.00,20.00
7350.0,20.00,20.00,20.00
7400.0,20.02,19.98,20.05
7450.0,20.04,19.99,20.09
7500.0,20.02,19.98,20.05
7550.0,20.02,19.98,20.05
7600.0,20.02,19.98,20.05
7650.0,20.00,20.00,20.00
7700.0,20.00,20.00,20.00
7750.0,20.05,19.99,20.12
7800.0,20.05,19.99,20.12
7850.0,20.04,19.99,20.09
7900.0,20.02,19.98,20.05
7950.0,20.07,20.00,20.14
8000.0,20.05,19.99,20.12
