step,mean,ci_down,ci_up
150.0,-242.51,-242.51,-242.51
200.0,-990.85,-1864.86,-116.83
250.0,-462.84,-743.59,-182.08
300.0,-727.45,-990.89,-464.00
350.0,-176.18,-288.40,-63.97
400.0,-12.66,-16.37,-8.95
450.0,-18.73,-35.97,-1.49
500.0,-19.03,-36.87,-1.19
550.0,-48.92,-88.19,-9.65
600.0,-17.39,-31.98,-2.80
650.0,-28.38,-53.95,-2.81
700.0,-33.44,-60.65,-6.23
750.0,-16.25,-28.58,-3.91
800.0,-10.00,-10.00,-10.00
850.0,-10.00,-10.00,-10.00
900.0,-10.00,-10.00,-10.00
950.0,-10.00,-10.00,-10.00
1000.0,-10.00,-10.00,-10.00
1050.0,-10.00,-10.00,-10.00
1100.0,-10.00,-10.00,-10.00
1150.0,-10.00,-10.00,-10.00
1200.0,-10.00,-10.00,-10.00
1250.0,-10.00,-10.00,-10.00
1300.0,-10.00,-10.00,-10.00
1350.0,-10.00,-10.00,-10.00
1400.0,-10.00,-10.00,-10.00
1450.0,-10.00,-10.00,-10.00
1500.0,-10.00,-10.00,-10.00
1550.0,-10.00,-10.00,-10.00
1600.0,-10.00,-10.00,-10.00
1650.0,-9.72,-10.28,-9.16
1700.0,-10.00,-10.00,-10.00
1750.0,-10.00,-10.00,-10.00
1800.0,-10.00,-10.00,-10.00
1850.0,-9.72,-10.28,-9.16
1900.0,-9.72,-10.28,-9.16
1950.0,-9.72,-10.28,-9.16
2000.0,-8.58,-9.81,-7.35
2050.0,-8.35,-9.65,-7.05
2100.0,-8.30,-9.64,-6.96
2150.0,-6.03,-7.98,-4.07
2200.0,-2.62,-5.09,-0.15
2250.0,-2.34,-4.84,0.16
2300.0,1.63,-1.14,4.40
2350.0,3.62,0.80,6.43
2400.0,6.74,3.97,9.51
2450.0,9.58,6.97,12.18
2500.0,10.71,8.21,13.21
2550.0,11.28,8.84,13.72
2600.0,13.55,11.43,15.66
2650.0,14.68,12.79,16.58
2700.0,16.10,14.57,17.63
2750.0,16.38,14.95,17.82
2800.0,17.52,16.56,18.48
2850.0,18.09,17.53,18.65
2900.0,18.09,17.53,18.65
2950.0,18.37,18.37,18.37
3000.0,18.37,18.37,18.37
3050.0,18.37,18.37,18.37
3100.0,18.37,18.37,18.37
3150.0,18.37,18.37,18.37
3200.0,18.37,18.37,18.37
3250.0,18.37,18.37,18.37
3300.0,18.37,18.37,18.37
3350.0,18.37,18.37,18.37
3400.0,18.37,18.37,18.37
3450.0,18.37,18.37,18.37
3500.0,18.37,18.37,18.37
3550.0,18.37,18.37,18.37
3600.0,18.37,18.37,18.37
3650.0,18.37,18.37,18.37
3700.0,18.37,18.37,18.37
3750.0,18.37,18.37,18.37
3800.0,18.37,18.37,18.37
3850.0,18.37,18.37,18.37
3900.0,18.37,18.37,18.37
3950.0,18.37,18.37,18.37
4000.0,18.37,18.37,18.37
4050.0,18.37,18.37,18.37
4100.0,18.37,18.37,18.37
4150.0,18.37,18.37,18.37
4200.0,18.37,18.37,18.37
4250.0,18.37,18.37,18.37
4300.0,18.37,18.37,18.37
4350.0,18.37,18.37,18.37
4400.0,18.37,18.37,18.37
4450.0,18.37,18.37,18.37
4500.0,18.37,18.37,18.37
4550.0,18.37,18.37,18.37
4600.0,18.37,18.37,18.37
4650.0,18.37,18.37,18.37
4700.0,18.37,18.37,18.37
4750.0,18.37,18.37,18.37
4800.0,18.37,18.37,18.37
4850.0,18.37,18.37,18.37
4900.0,18.37,18.37,18.37
4950.0,18.37,18.37,18.37
5000.0,18.37,18.37,18.37
5050.0,18.37,18.37,18.37
5100.0,18.37,18.37,18.37
5150.0,18.37,18.37,18.37
5200.0,18.37,18.37,18.37
5250.0,18.37,18.37,18.37
5300.0,18.37,18.37,18.37
5350.0,18.37,18.37,18.37
5400.0,18.37,18.37,18.37
5450.0,18.37,18.37,18.37
5500.0,18.37,18.37,18.37
5550.0,18.37,18.37,18.37
5600.0,18.37,18.37,18.37
5650.0,18.37,18.37,18.37
5700.0,18.37,18.37,18.37
5750.0,18.37,18.37,18.37
5800.0,18.37,18.37,18.37
5850.0,18.37,18.37,18.37
5900.0,18.37,18.37,18.37
5950.0,18.37,18.37,18.37
6000.0,18.37,18.37,18.37
6050.0,18.37,18.37,18.37
6100.0,18.37,18.37,18.37
6150.0,18.37,18.37,18.37
6200.0,18.37,18.37,18.37
6250.0,18.37,18.37,18.37
6300.0,18.37,18.37,18.37
6350.0,18.37,18.37,18.37
6400.0,18.37,18.37,18.37
6450.0,18.37,18.37,18.37
6500.0,18.37,18.37,18.37
6550.0,18.37,18.37,18.37
6600.0,18.37,18.37,18.37
6650.0,18.37,18.37,18.37
6700.0,18.37,18.37,18.37
6750.0,18.37,18.37,18.37
6800.0,18.37,18.37,18.37
6850.0,18.37,18.37,18.37
6900.0,18.37,18.37,18.37
6950.0,18.37,18.37,18.37
7000.0,18.37,18.37,18.37
7050.0,18.37,18.37,18.37
7100.0,18.37,18.37,18.37
7150.0,18.37,18.37,18.37
7200.0,18.37,18.37,18.37
7250.0,18.37,18.37,18.37
7300.0,18.37,18.37,18.37
7350.0,18.37,18.37,18.37
7400.0,18.37,18.37,18.37
7450.0,18.37,18.37,18.37
7500.0,18.37,18.37,18.37
7550.0,18.37,18.37,18.37
7600.0,18.37,18.37,18.37
7650.0,18.37,18.37,18.37
7700.0,18.37,18.37,18.37
7750.0,18.37,18.37,18.37
7800.0,18.37,18.37,18.37
7850.0,18.37,18.37,18.37
7900.0,18.37,18.37,18.37
7950.0,18.37,18.37,18.37
8000.0,18.37,18.37,18.37
