step,mean,ci_down,ci_up
4900.0,17.00,17.00,17.00
5000.0,202.00,202.00,202.00
5100.0,202.00,202.00,202.00
5200.0,202.00,202.00,202.00
5300.0,112.00,-65.47,289.47
5400.0,140.00,17.75,262.25
5500.0,202.00,202.00,202.00
5600.0,172.12,113.22,231.03
5700.0,163.30,86.99,239.61
5800.0,202.00,202.00,202.00
5900.0,202.00,202.00,202.00
6000.0,202.00,202.00,202.00
6100.0,162.17,130.21,194.12
6200.0,183.88,166.16,201.59
6300.0,183.85,168.20,199.49
6400.0,190.10,178.66,201.55
6500.0,196.56,189.03,204.09
6600.0,191.72,182.66,200.78
6700.0,200.06,196.23,203.89
6800.0,199.92,195.81,204.02
6900.0,198.10,192.69,203.51
7000.0,202.00,202.00,202.00
7100.0,202.00,202.00,202.00
7200.0,200.20,196.65,203.75
7300.0,202.00,202.00,202.00
7400.0,202.00,202.00,202.00
7500.0,202.00,202.00,202.00
7600.0,202.00,202.00,202.00
7700.0,202.00,202.00,202.00
7800.0,202.00,202.00,202.00
7900.0,202.00,202.00,202.00
8000.0,202.00,202.00,202.00
8100.0,202.00,202.00,202.00
8200.0,202.00,202.00,202.00
8300.0,202.00,202.00,202.00
8400.0,202.00,202.00,202.00
8500.0,202.00,202.00,202.00
8600.0,202.00,202.00,202.00
8700.0,202.00,202.00,202.00
8800.0,202.00,202.00,202.00
8900.0,202.00,202.00,202.00
9000.0,202.00,202.00,202.00
9100.0,202.00,202.00,202.00
9200.0,202.00,202.00,202.00
9300.0,202.00,202.00,202.00
9400.0,202.00,202.00,202.00
9500.0,202.00,202.00,202.00
9600.0,202.00,202.00,202.00
9700.0,202.00,202.00,202.00
9800.0,202.00,202.00,202.00
9900.0,202.00,202.00,202.00
10000.0,202.00,202.00,202.00
10100.0,202.00,202.00,202.00
10200.0,202.00,202.00,202.00
10300.0,202.00,202.00,202.00
10400.0,202.00,202.00,202.00
10500.0,202.00,202.00,202.00
10600.0,202.00,202.00,202.00
10700.0,202.00,202.00,202.00
10800.0,202.00,202.00,202.00
10900.0,202.00,202.00,202.00
11000.0,202.00,202.00,202.00
11100.0,202.00,202.00,202.00
11200.0,202.00,202.00,202.00
11300.0,202.00,202.00,202.00
11400.0,202.00,202.00,202.00
11500.0,202.00,202.00,202.00
11600.0,202.00,202.00,202.00
11700.0,202.00,202.00,202.00
11800.0,202.00,202.00,202.00
11900.0,202.00,202.00,202.00
12000.0,202.00,202.00,202.00
12100.0,202.00,202.00,202.00
12200.0,202.00,202.00,202.00
12300.0,202.00,202.00,202.00
12400.0,202.00,202.00,202.00
12500.0,202.00,202.00,202.00
12600.0,202.00,202.00,202.00
12700.0,202.00,202.00,202.00
12800.0,202.00,202.00,202.00
12900.0,202.00,202.00,202.00
13000.0,202.00,202.00,202.00
13100.0,202.00,202.00,202.00
13200.0,202.00,202.00,202.00
13300.0,202.00,202.00,202.00
13400.0,202.00,202.00,202.00
13500.0,202.00,202.00,202.00
13600.0,202.00,202.00,202.00
13700.0,202.00,202.00,202.00
13800.0,202.00,202.00,202.00
13900.0,202.00,202.00,202.00
14000.0,202.00,202.00,202.00
14100.0,202.00,202.00,202.00
14200.0,202.00,202.00,202.00
14300.0,202.00,202.00,202.00
14400.0,202.00,202.00,202.00
14500.0,202.00,202.00,202.00
14600.0,202.00,202.00,202.00
14700.0,202.00,202.00,202.00
14800.0,202.00,202.00,202.00
14900.0,202.00,202.00,202.00
15000.0,202.00,202.00,202.00
15100.0,202.00,202.00,202.00
15200.0,202.00,202.00,202.00
15300.0,202.00,202.00,202.00
15400.0,202.00,202.00,202.00
15500.0,202.00,202.00,202.00
15600.0,202.00,202.00,202.00
15700.0,202.00,202.00,202.00
15800.0,202.00,202.00,202.00
15900.0,202.00,202.00,202.00
16000.0,202.00,202.00,202.00
16100.0,202.00,202.00,202.00
16200.0,202.00,202.00,202.00
16300.0,202.00,202.00,202.00
16400.0,202.00,202.00,202.00
16500.0,202.00,202.00,202.00
16600.0,202.00,202.00,202.00
16700.0,202.00,202.00,202.00
16800.0,202.00,202.00,202.00
16900.0,202.00,202.00,202.00
17000.0,202.00,202.00,202.00
17100.0,202.00,202.00,202.00
17200.0,200.20,196.65,203.75
17300.0,202.00,202.00,202.00
17400.0,202.00,202.00,202.00
17500.0,202.00,202.00,202.00
17600.0,202.00,202.00,202.00
17700.0,202.00,202.00,202.00
17800.0,200.20,196.65,203.75
17900.0,200.20,196.65,203.75
18000.0,202.00,202.00,202.00
18100.0,200.20,196.65,203.75
18200.0,200.20,196.65,203.75
18300.0,194.80,187.81,201.79
18400.0,198.40,193.41,203.39
18500.0,191.22,182.76,199.68
18600.0,193.00,185.23,200.77
18700.0,189.40,180.30,198.50
18800.0,187.62,177.96,197.28
18900.0,193.04,185.30,200.78
19000.0,178.62,166.63,190.61
19100.0,180.42,168.84,192.00
19200.0,184.00,173.30,194.70
19300.0,176.82,164.45,189.19
19400.0,167.80,153.81,181.79
19500.0,158.84,143.62,174.06
19600.0,148.02,131.68,164.36
19700.0,146.20,129.70,162.70
19800.0,135.42,118.20,152.64
19900.0,131.82,114.43,149.21
20000.0,112.00,94.16,129.84
20100.0,90.42,73.11,107.73
20200.0,81.40,64.63,98.17
20300.0,79.60,62.96,96.24
20400.0,74.20,58.01,90.39
20500.0,43.62,32.03,55.21
20600.0,43.60,32.01,55.19
20700.0,41.80,30.64,52.96
20800.0,34.60,25.50,43.70
20900.0,27.40,21.31,33.49
21000.0,27.40,21.31,33.49
21100.0,23.80,20.25,27.35
21200.0,23.80,20.25,27.35
21300.0,22.00,22.00,22.00
21400.0,23.80,20.25,27.35
21500.0,22.00,22.00,22.00
21600.0,22.00,22.00,22.00
21700.0,22.00,22.00,22.00
21800.0,22.00,22.00,22.00
21900.0,22.00,22.00,22.00
22000.0,22.00,22.00,22.00
22100.0,22.00,22.00,22.00
22200.0,22.00,22.00,22.00
22300.0,22.00,22.00,22.00
22400.0,22.00,22.00,22.00
22500.0,22.00,22.00,22.00
22600.0,22.00,22.00,22.00
22700.0,22.00,22.00,22.00
22800.0,22.00,22.00,22.00
22900.0,22.00,22.00,22.00
23000.0,22.00,22.00,22.00
23100.0,22.00,22.00,22.00
23200.0,22.00,22.00,22.00
23300.0,22.00,22.00,22.00
23400.0,22.00,22.00,22.00
23500.0,22.00,22.00,22.00
23600.0,22.00,22.00,22.00
23700.0,22.00,22.00,22.00
23800.0,22.00,22.00,22.00
23900.0,22.00,22.00,22.00
24000.0,22.00,22.00,22.00
24100.0,22.00,22.00,22.00
24200.0,22.00,22.00,22.00
24300.0,22.00,22.00,22.00
24400.0,22.00,22.00,22.00
24500.0,22.00,22.00,22.00
24600.0,22.00,22.00,22.00
24700.0,22.00,22.00,22.00
24800.0,22.00,22.00,22.00
24900.0,22.00,22.00,22.00
25000.0,22.00,22.00,22.00
