step,mean,ci_down,ci_up
4900.0,-1139.14,-1139.14,-1139.14
5000.0,-10.00,-10.00,-10.00
5100.0,-10.00,-10.00,-10.00
5200.0,-10.00,-10.00,-10.00
5300.0,-270.40,-783.88,243.07
5400.0,-181.84,-520.68,157.00
5500.0,-10.00,-10.00,-10.00
5600.0,-41.65,-104.04,20.75
5700.0,-243.85,-704.97,217.27
5800.0,-10.00,-10.00,-10.00
5900.0,-10.00,-10.00,-10.00
6000.0,-10.00,-10.00,-10.00
6100.0,-257.74,-494.69,-20.79
6200.0,-87.07,-174.94,0.79
6300.0,-129.57,-243.87,-15.27
6400.0,-60.09,-109.68,-10.50
6500.0,-51.66,-110.38,7.06
6600.0,-75.07,-137.45,-12.68
6700.0,-12.53,-17.52,-7.54
6800.0,-33.34,-79.37,12.69
6900.0,-33.95,-67.17,-0.73
7000.0,-10.00,-10.00,-10.00
7100.0,-10.00,-10.00,-10.00
7200.0,-12.72,-18.10,-7.35
7300.0,-10.00,-10.00,-10.00
7400.0,-10.00,-10.00,-10.00
7500.0,-10.00,-10.00,-10.00
7600.0,-10.00,-10.00,-10.00
7700.0,-10.00,-10.00,-10.00
7800.0,-10.00,-10.00,-10.00
7900.0,-10.00,-10.00,-10.00
8000.0,-10.00,-10.00,-10.00
8100.0,-10.00,-10.00,-10.00
8200.0,-10.00,-10.00,-10.00
8300.0,-10.00,-10.00,-10.00
8400.0,-10.00,-10.00,-10.00
8500.0,-10.00,-10.00,-10.00
8600.0,-10.00,-10.00,-10.00
8700.0,-10.00,-10.00,-10.00
8800.0,-10.00,-10.00,-10.00
8900.0,-10.00,-10.00,-10.00
9000.0,-10.00,-10.00,-10.00
9100.0,-10.00,-10.00,-10.00
9200.0,-10.00,-10.00,-10.00
9300.0,-10.00,-10.00,-10.00
9400.0,-10.00,-10.00,-10.00
9500.0,-10.00,-10.00,-10.00
9600.0,-10.00,-10.00,-10.00
9700.0,-10.00,-10.00,-10.00
9800.0,-10.00,-10.00,-10.00
9900.0,-10.00,-10.00,-10.00
10000.0,-10.00,-10.00,-10.00
10100.0,-10.00,-10.00,-10.00
10200.0,-10.00,-10.00,-10.00
10300.0,-10.00,-10.00,-10.00
10400.0,-10.00,-10.00,-10.00
10500.0,-10.00,-10.00,-10.00
10600.0,-10.00,-10.00,-10.00
10700.0,-10.00,-10.00,-10.00
10800.0,-10.00,-10.00,-10.00
10900.0,-10.00,-10.00,-10.00
11000.0,-10.00,-10.00,-10.00
11100.0,-10.00,-10.00,-10.00
11200.0,-10.00,-10.00,-10.00
11300.0,-10.00,-10.00,-10.00
11400.0,-10.00,-10.00,-10.00
11500.0,-10.00,-10.00,-10.00
11600.0,-10.00,-10.00,-10.00
11700.0,-10.00,-10.00,-10.00
11800.0,-10.00,-10.00,-10.00
11900.0,-10.00,-10.00,-10.00
12000.0,-10.00,-10.00,-10.00
12100.0,-10.00,-10.00,-10.00
12200.0,-10.00,-10.00,-10.00
12300.0,-10.00,-10.00,-10.00
12400.0,-10.00,-10.00,-10.00
12500.0,-10.00,-10.00,-10.00
12600.0,-10.00,-10.00,-10.00
12700.0,-10.00,-10.00,-10.00
12800.0,-10.00,-10.00,-10.00
12900.0,-10.00,-10.00,-10.00
13000.0,-10.00,-10.00,-10.00
13100.0,-10.00,-10.00,-10.00
13200.0,-10.00,-10.00,-10.00
13300.0,-10.00,-10.00,-10.00
13400.0,-10.00,-10.00,-10.00
13500.0,-10.00,-10.00,-10.00
13600.0,-10.00,-10.00,-10.00
13700.0,-10.00,-10.00,-10.00
13800.0,-10.00,-10.00,-10.00
13900.0,-10.00,-10.00,-10.00
14000.0,-10.00,-10.00,-10.00
14100.0,-10.00,-10.00,-10.00
14200.0,-10.00,-10.00,-10.00
14300.0,-10.00,-10.00,-10.00
14400.0,-10.00,-10.00,-10.00
14500.0,-10.00,-10.00,-10.00
14600.0,-10.00,-10.00,-10.00
14700.0,-10.00,-10.00,-10.00
14800.0,-10.00,-10.00,-10.00
14900.0,-10.00,-10.00,-10.00
15000.0,-10.00,-10.00,-10.00
15100.0,-10.00,-10.00,-10.00
15200.0,-10.00,-10.00,-10.00
15300.0,-10.00,-10.00,-10.00
15400.0,-10.00,-10.00,-10.00
15500.0,-10.00,-10.00,-10.00
15600.0,-10.00,-10.00,-10.00
15700.0,-10.00,-10.00,-10.00
15800.0,-10.00,-10.00,-10.00
15900.0,-10.00,-10.00,-10.00
16000.0,-10.00,-10.00,-10.00
16100.0,-10.00,-10.00,-10.00
16200.0,-10.00,-10.00,-10.00
16300.0,-10.00,-10.00,-10.00
16400.0,-10.00,-10.00,-10.00
16500.0,-10.00,-10.00,-10.00
16600.0,-10.00,-10.00,-10.00
16700.0,-10.00,-10.00,-10.00
16800.0,-10.00,-10.00,-10.00
16900.0,-10.00,-10.00,-10.00
17000.0,-10.00,-10.00,-10.00
17100.0,-10.00,-10.00,-10.00
17200.0,-9.77,-10.22,-9.32
17300.0,-10.00,-10.00,-10.00
17400.0,-10.00,-10.00,-10.00
17500.0,-10.00,-10.00,-10.00
17600.0,-10.00,-10.00,-10.00
17700.0,-10.00,-10.00,-10.00
17800.0,-9.77,-10.22,-9.32
17900.0,-9.77,-10.22,-9.32
18000.0,-10.00,-10.00,-10.00
18100.0,-9.77,-10.22,-9.32
18200.0,-9.77,-10.22,-9.32
18300.0,-9.08,-9.97,-8.19
18400.0,-9.54,-10.18,-8.90
18500.0,-8.66,-9.72,-7.61
18600.0,-8.85,-9.84,-7.86
18700.0,-8.39,-9.55,-7.23
18800.0,-8.21,-9.41,-7.00
18900.0,-8.94,-9.86,-8.02
19000.0,-7.06,-8.57,-5.54
19100.0,-7.29,-8.74,-5.83
19200.0,-7.70,-9.07,-6.34
19300.0,-6.83,-8.39,-5.27
19400.0,-5.63,-7.42,-3.85
19500.0,-4.57,-6.49,-2.65
19600.0,-3.15,-5.23,-1.07
19700.0,-2.88,-4.98,-0.77
19800.0,-1.54,-3.73,0.65
19900.0,-1.08,-3.29,1.13
20000.0,1.49,-0.79,3.77
20100.0,4.20,2.00,6.41
20200.0,5.40,3.26,7.54
20300.0,5.63,3.50,7.75
20400.0,6.32,4.25,8.38
20500.0,10.18,8.70,11.66
20600.0,10.22,8.74,11.70
20700.0,10.45,9.03,11.88
20800.0,11.37,10.21,12.53
20900.0,12.29,11.51,13.07
21000.0,12.29,11.51,13.07
21100.0,12.75,12.30,13.20
21200.0,12.75,12.30,13.20
21300.0,12.98,12.98,12.98
21400.0,12.75,12.30,13.20
21500.0,12.98,12.98,12.98
21600.0,12.98,12.98,12.98
21700.0,12.98,12.98,12.98
21800.0,12.98,12.98,12.98
21900.0,12.98,12.98,12.98
22000.0,12.98,12.98,12.98
22100.0,12.98,12.98,12.98
22200.0,12.98,12.98,12.98
22300.0,12.98,12.98,12.98
22400.0,12.98,12.98,12.98
22500.0,12.98,12.98,12.98
22600.0,12.98,12.98,12.98
22700.0,12.98,12.98,12.98
22800.0,12.98,12.98,12.98
22900.0,12.98,12.98,12.98
23000.0,12.98,12.98,12.98
23100.0,12.98,12.98,12.98
23200.0,12.98,12.98,12.98
23300.0,12.98,12.98,12.98
23400.0,12.98,12.98,12.98
23500.0,12.98,12.98,12.98
23600.0,12.98,12.98,12.98
23700.0,12.98,12.98,12.98
23800.0,12.98,12.98,12.98
23900.0,12.98,12.98,12.98
24000.0,12.98,12.98,12.98
24100.0,12.98,12.98,12.98
24200.0,12.98,12.98,12.98
24300.0,12.98,12.98,12.98
24400.0,12.98,12.98,12.98
24500.0,12.98,12.98,12.98
24600.0,12.98,12.98,12.98
24700.0,12.98,12.98,12.98
24800.0,12.98,12.98,12.98
24900.0,12.98,12.98,12.98
25000.0,12.98,12.98,12.98
