step,mean,ci_down,ci_up
400.0,202.00,202.00,202.00
450.0,152.83,55.70,249.97
500.0,164.57,116.71,212.43
550.0,193.62,177.05,210.18
600.0,182.00,154.38,209.62
650.0,176.07,150.93,201.21
700.0,189.44,172.24,206.65
750.0,198.60,191.88,205.32
800.0,195.39,186.31,204.48
850.0,183.44,165.87,201.02
900.0,192.14,178.54,205.74
950.0,197.80,189.49,206.10
1000.0,202.00,202.00,202.00
1050.0,202.00,202.00,202.00
1100.0,196.95,186.96,206.93
1150.0,202.00,202.00,202.00
1200.0,202.00,202.00,202.00
1250.0,202.00,202.00,202.00
1300.0,202.00,202.00,202.00
1350.0,202.00,202.00,202.00
1400.0,202.00,202.00,202.00
1450.0,202.00,202.00,202.00
1500.0,202.00,202.00,202.00
1550.0,202.00,202.00,202.00
1600.0,202.00,202.00,202.00
1650.0,202.00,202.00,202.00
1700.0,202.00,202.00,202.00
1750.0,202.00,202.00,202.00
1800.0,202.00,202.00,202.00
1850.0,202.00,202.00,202.00
1900.0,202.00,202.00,202.00
1950.0,202.00,202.00,202.00
2000.0,202.00,202.00,202.00
2050.0,202.00,202.00,202.00
2100.0,202.00,202.00,202.00
2150.0,197.34,188.14,206.54
2200.0,202.00,202.00,202.00
2250.0,202.00,202.00,202.00
2300.0,202.00,202.00,202.00
2350.0,202.00,202.00,202.00
2400.0,197.21,187.75,206.67
2450.0,202.00,202.00,202.00
2500.0,202.00,202.00,202.00
2550.0,197.21,187.75,206.67
2600.0,192.42,179.22,205.62
2650.0,187.63,171.69,203.57
2700.0,192.42,179.22,205.62
2750.0,197.21,187.75,206.67
2800.0,182.89,164.80,200.99
2850.0,187.63,171.69,203.57
2900.0,197.21,187.75,206.67
2950.0,187.63,171.69,203.57
3000.0,178.05,158.07,198.04
3050.0,173.26,151.71,194.82
3100.0,173.26,151.71,194.82
3150.0,168.47,145.56,191.39
3200.0,163.68,139.58,187.78
3250.0,173.26,151.71,194.82
3300.0,168.47,145.56,191.39
3350.0,163.68,139.58,187.78
3400.0,168.47,145.56,191.39
3450.0,149.32,122.51,176.13
3500.0,134.95,106.43,163.46
3550.0,139.74,111.69,167.78
3600.0,120.58,91.19,149.97
3650.0,130.16,101.26,159.05
3700.0,115.79,86.27,145.31
3750.0,106.21,76.69,135.73
3800.0,87.05,58.54,115.57
3850.0,87.05,58.54,115.57
3900.0,82.26,54.22,110.31
3950.0,87.05,58.54,115.57
4000.0,82.26,54.22,110.31
4050.0,87.05,58.54,115.57
4100.0,87.05,58.54,115.57
4150.0,91.84,62.95,120.74
4200.0,96.63,67.45,125.82
4250.0,91.84,62.95,120.74
4300.0,87.03,58.50,115.55
4350.0,87.05,58.54,115.57
4400.0,77.47,50.00,104.95
4450.0,87.05,58.54,115.57
4500.0,82.26,54.22,110.31
4550.0,98.70,69.01,128.39
4600.0,103.62,73.76,133.49
4650.0,103.62,73.76,133.49
4700.0,103.62,73.76,133.49
4750.0,103.62,73.76,133.49
4800.0,93.78,64.36,123.21
4850.0,98.70,69.01,128.39
4900.0,98.70,69.01,128.39
4950.0,98.70,69.01,128.39
5000.0,93.78,64.36,123.21
5050.0,98.70,69.01,128.39
5100.0,98.70,69.01,128.39
5150.0,98.70,69.01,128.39
5200.0,93.78,64.36,123.21
5250.0,103.62,73.76,133.49
5300.0,98.70,69.01,128.39
5350.0,103.62,73.76,133.49
5400.0,93.78,64.36,123.21
5450.0,93.78,64.36,123.21
5500.0,98.70,69.01,128.39
5550.0,93.78,64.36,123.21
5600.0,88.86,59.80,117.93
5650.0,88.86,59.80,117.93
5700.0,88.86,59.80,117.93
5750.0,83.95,55.34,112.56
5800.0,88.86,59.80,117.93
5850.0,93.78,64.36,123.21
5900.0,93.78,64.36,123.21
5950.0,88.86,59.80,117.93
6000.0,93.78,64.36,123.21
6050.0,83.95,55.34,112.56
6100.0,88.86,59.80,117.93
6150.0,88.86,59.80,117.93
6200.0,88.86,59.80,117.93
6250.0,83.95,55.34,112.56
6300.0,93.78,64.36,123.21
6350.0,93.78,64.36,123.21
6400.0,88.86,59.80,117.93
6450.0,83.95,55.34,112.56
6500.0,83.95,55.34,112.56
6550.0,88.86,59.80,117.93
6600.0,88.86,59.80,117.93
6650.0,93.78,64.36,123.21
6700.0,88.86,59.80,117.93
6750.0,88.86,59.80,117.93
6800.0,88.86,59.80,117.93
6850.0,88.86,59.80,117.93
6900.0,79.03,50.97,107.08
6950.0,93.78,64.36,123.21
7000.0,88.86,59.80,117.93
7050.0,88.86,59.80,117.93
7100.0,83.95,55.34,112.56
7150.0,88.86,59.80,117.93
7200.0,88.86,59.80,117.93
7250.0,74.11,46.72,101.50
7300.0,74.11,46.72,101.50
7350.0,74.11,46.72,101.50
7400.0,74.11,46.72,101.50
7450.0,83.95,55.34,112.56
7500.0,88.86,59.80,117.93
7550.0,88.86,59.80,117.93
7600.0,83.95,55.34,112.56
7650.0,88.86,59.80,117.93
7700.0,83.95,55.34,112.56
7750.0,88.86,59.80,117.93
7800.0,93.78,64.36,123.21
7850.0,93.78,64.36,123.21
7900.0,93.78,64.36,123.21
7950.0,88.86,59.80,117.93
8000.0,83.95,55.34,112.56
