step,mean,ci_down,ci_up
400.0,-10.00,-10.00,-10.00
450.0,-656.02,-1932.36,620.32
500.0,-601.40,-1401.92,199.12
550.0,-39.71,-98.41,18.99
600.0,-112.23,-262.28,37.82
650.0,-247.54,-484.95,-10.13
700.0,-220.50,-511.31,70.31
750.0,-28.32,-64.51,7.87
800.0,-41.62,-85.41,2.16
850.0,-91.28,-171.91,-10.65
900.0,-45.94,-104.84,12.96
950.0,-79.90,-217.99,58.20
1000.0,-10.00,-10.00,-10.00
1050.0,-10.00,-10.00,-10.00
1100.0,-35.39,-85.54,14.77
1150.0,-10.00,-10.00,-10.00
1200.0,-10.00,-10.00,-10.00
1250.0,-10.00,-10.00,-10.00
1300.0,-10.00,-10.00,-10.00
1350.0,-10.00,-10.00,-10.00
1400.0,-10.00,-10.00,-10.00
1450.0,-10.00,-10.00,-10.00
1500.0,-10.00,-10.00,-10.00
1550.0,-10.00,-10.00,-10.00
1600.0,-10.00,-10.00,-10.00
1650.0,-10.00,-10.00,-10.00
1700.0,-10.00,-10.00,-10.00
1750.0,-10.00,-10.00,-10.00
1800.0,-10.00,-10.00,-10.00
1850.0,-10.00,-10.00,-10.00
1900.0,-10.00,-10.00,-10.00
1950.0,-10.00,-10.00,-10.00
2000.0,-10.00,-10.00,-10.00
2050.0,-10.00,-10.00,-10.00
2100.0,-10.00,-10.00,-10.00
2150.0,-15.49,-26.34,-4.64
2200.0,-10.00,-10.00,-10.00
2250.0,-10.00,-10.00,-10.00
2300.0,-10.00,-10.00,-10.00
2350.0,-10.00,-10.00,-10.00
2400.0,-9.25,-10.73,-7.78
2450.0,-10.00,-10.00,-10.00
2500.0,-10.00,-10.00,-10.00
2550.0,-9.25,-10.73,-7.78
2600.0,-8.51,-10.56,-6.45
2650.0,-7.76,-10.25,-5.28
2700.0,-8.51,-10.56,-6.45
2750.0,-9.25,-10.73,-7.78
2800.0,-7.16,-9.86,-4.45
2850.0,-7.76,-10.25,-5.28
2900.0,-9.25,-10.73,-7.78
2950.0,-7.76,-10.25,-5.28
3000.0,-6.27,-9.38,-3.15
3050.0,-5.52,-8.88,-2.16
3100.0,-5.52,-8.88,-2.16
3150.0,-4.77,-8.35,-1.20
3200.0,-4.03,-7.78,-0.27
3250.0,-5.52,-8.88,-2.16
3300.0,-4.77,-8.35,-1.20
3350.0,-4.03,-7.78,-0.27
3400.0,-4.77,-8.35,-1.20
3450.0,-1.79,-5.97,2.39
3500.0,0.45,-3.99,4.90
3550.0,-0.29,-4.67,4.08
3600.0,2.69,-1.89,7.27
3650.0,1.20,-3.31,5.70
3700.0,3.44,-1.16,8.04
3750.0,4.93,0.33,9.53
3800.0,7.92,3.47,12.36
3850.0,7.92,3.47,12.36
3900.0,8.66,4.29,13.04
3950.0,7.92,3.47,12.36
4000.0,8.66,4.29,13.04
4050.0,7.92,3.47,12.36
4100.0,7.92,3.47,12.36
4150.0,7.17,2.67,11.68
4200.0,6.42,1.88,10.97
4250.0,7.17,2.67,11.68
4300.0,-2.66,-23.48,18.16
4350.0,7.92,3.47,12.36
4400.0,9.41,5.13,13.69
4450.0,7.92,3.47,12.36
4500.0,8.66,4.29,13.04
4550.0,6.10,1.47,10.73
4600.0,5.34,0.68,9.99
4650.0,5.34,0.68,9.99
4700.0,5.34,0.68,9.99
4750.0,5.34,0.68,9.99
4800.0,6.87,2.28,11.46
4850.0,6.10,1.47,10.73
4900.0,6.10,1.47,10.73
4950.0,6.10,1.47,10.73
5000.0,6.87,2.28,11.46
5050.0,6.10,1.47,10.73
5100.0,6.10,1.47,10.73
5150.0,6.10,1.47,10.73
5200.0,6.87,2.28,11.46
5250.0,5.34,0.68,9.99
5300.0,6.10,1.47,10.73
5350.0,5.34,0.68,9.99
5400.0,6.87,2.28,11.46
5450.0,6.87,2.28,11.46
5500.0,6.10,1.47,10.73
5550.0,6.87,2.28,11.46
5600.0,7.64,3.10,12.17
5650.0,7.64,3.10,12.17
5700.0,7.64,3.10,12.17
5750.0,8.40,3.94,12.86
5800.0,7.64,3.10,12.17
5850.0,6.87,2.28,11.46
5900.0,6.87,2.28,11.46
5950.0,7.64,3.10,12.17
6000.0,6.87,2.28,11.46
6050.0,8.40,3.94,12.86
6100.0,7.64,3.10,12.17
6150.0,7.64,3.10,12.17
6200.0,7.64,3.10,12.17
6250.0,8.40,3.94,12.86
6300.0,6.87,2.28,11.46
6350.0,6.87,2.28,11.46
6400.0,7.64,3.10,12.17
6450.0,8.40,3.94,12.86
6500.0,8.40,3.94,12.86
6550.0,7.64,3.10,12.17
6600.0,7.64,3.10,12.17
6650.0,6.87,2.28,11.46
6700.0,7.64,3.10,12.17
6750.0,7.64,3.10,12.17
6800.0,7.64,3.10,12.17
6850.0,7.64,3.10,12.17
6900.0,9.17,4.80,13.54
6950.0,6.87,2.28,11.46
7000.0,7.64,3.10,12.17
7050.0,7.64,3.10,12.17
7100.0,8.40,3.94,12.86
7150.0,7.64,3.10,12.17
7200.0,7.64,3.10,12.17
7250.0,9.94,5.67,14.21
7300.0,9.94,5.67,14.21
7350.0,9.94,5.67,14.21
7400.0,9.94,5.67,14.21
7450.0,8.40,3.94,12.86
7500.0,7.64,3.10,12.17
7550.0,7.64,3.10,12.17
7600.0,8.40,3.94,12.86
7650.0,7.64,3.10,12.17
7700.0,8.40,3.94,12.86
7750.0,7.64,3.10,12.17
7800.0,6.87,2.28,11.46
7850.0,6.87,2.28,11.46
7900.0,6.87,2.28,11.46
7950.0,7.64,3.10,12.17
8000.0,8.40,3.94,12.86
